1.4431843184611104 -2.203606556762316 -1.326131795443559 0.008465054386780241 0.004689425603745441 0.0004683868407746507
0.18687434516205764 2.387395287704745 0.9248621207540324 -0.010174848496655332 4.6655816939785886e-5 0.001346386736334536
0.20833478124693103 -3.208852359635216 0.6241092369971604 0.008533962106115175 -0.0008554815837133276 -0.00039067289039383435
2.448760078539416 2.181358726153119 1.163121140448721 -0.005924857669106431 0.005984864068145872 0.0022886677131044413
-2.340069687367069 -2.201481170156392 -1.4991058665306616 0.004928874884054856 -0.0038897768600842397 -0.005775507890481287
2.4673377410487554 -0.11428104516214455 0.7844853467058472 -0.0013099205551728977 0.010354164818839095 0.004814751991234306
-2.155689052788934 1.48713018518774 1.0972251551650969 -0.007391047670015331 -0.007773845878413668 -0.00048331167938616397
-1.4338951527617145 2.0020547155989323 0.767523327483862 -0.009736017764118744 -0.0029763571919562415 -0.003691851769806902
0.46570976845507267 -3.005331883353699 -0.5798979913791752 0.0083951065487491 0.003117085671981041 0.0002752887780721605
1.4635717779974462 -2.1935198846300725 -0.871779362802622 0.008193515221345994 0.0063340753630282895 0.0021692983086272944
-2.8143156776964697 -1.4520188925522923 -0.459281602035031 0.005490860866601654 -0.007704587559989927 -0.0029786788654769013
0.35553748633041166 2.7268013870554837 1.2560877886558863 -0.009086350695933816 0.0025095431193506977 0.0002193658372990713
-1.615690655721031 2.389113704896479 0.711588157666492 -0.008762146517558755 -0.004969711805230366 -0.0015927774881183759
1.6350069009082568 -2.806624199140499 -1.119845496681563 0.007545550213031707 0.004390805901214514 0.0006832869783119989
1.263510812794862 2.454808344022365 0.6907488127885185 -0.009063895249596785 0.0034532232926711703 0.004185649593295157
-3.655860390476432 -0.8847598065320538 0.3124342452410197 0.0018173957153100185 -0.007256293488522151 -0.0039805417403755115
1.896977776574941 -0.8476476716480489 -0.1568932611266976 0.002786598565034557 0.01131923501132688 0.004977361679258577
-1.8316275040573897 -2.231514551552591 -0.7655632692330199 0.007840586692565507 -0.004791933867895629 -0.004120156058882826
-0.14248576479910233 -2.362029817456243 -1.3398424062921244 0.010080376742556222 -0.00018701920090618068 -3.734430450643223e-5
-1.9818243783954888 1.7138471167594103 0.7824432998623289 -0.007376893407992295 -0.00751021823241791 -0.0032893633286853363
1.1149725444198375 -1.956116554482598 -1.669463119022229 0.008850132761337254 0.004173399086654622 0.0007957183815816059
-3.3081581993118396 0.16060097488220432 -1.1801275952957568 0.0017999317559962813 -0.008601284357391999 -0.001969754812892244
-2.4967429707412805 -1.4725895196361583 -2.1860823841997927 0.004413757894322607 -0.005689320461974724 -0.0041253448326208746
-2.8099798473647306 -2.124848823910659 -0.46604915161773847 0.005015970241570458 -0.00727810312876884 -0.001831623108259475
-0.39609579394916067 -2.844728981278361 -0.36295710928554115 0.009411309921083598 -0.00216432082018639 -0.0022687453864771627
-2.183752798884281 1.3825401275547176 0.5540660537171536 -0.005576901900202715 -0.0072719351533355155 -0.006518910871792412
-1.536940128142235 -2.8879248587029793 -0.06581254736079296 0.008201501050676036 -0.003242787979191089 -0.0008241509112424459
2.3406964608111784 0.7597678729413662 0.022442663727290577 -0.003258051263221966 0.010736827931566929 0.0028747485793768693
1.403261573008182 -1.286709652581234 -0.6688323707430668 0.007164011495020254 0.00922513640402805 0.006860090829586419
-1.2274309858290682 -1.9408171425977738 -0.6483860779696903 0.01014637818890639 -0.004305400757531849 -0.0023400876838485405
1.2217068302583245 2.230980873494366 1.349470359540631 -0.009481271112574295 0.00396933823367938 0.00254002396491953
-1.3556673955844163 -2.671777633363017 -1.1307891668951808 0.008015072049453818 -0.0025685377453823787 -0.0034674753827052106
1.3543980782324831 2.572732602103645 1.5473314230283866 -0.008470317843226789 0.0032873782109217454 0.0015387549242560756
-2.7428664438375763 -1.3379795933371523 0.42253398260460756 0.003977687890225565 -0.00818039850052352 -0.0010095923483137731
2.973462061535042 0.18030168230523916 -0.4412271545589006 0.00011407934843380652 0.008318929020282482 0.0036670471292539193
-2.746264157278849 -2.4382864239830706 -0.6159899366276758 0.005689274434815951 -0.004259135547855031 -0.004855428081524465
-2.4201558249940405 -0.12455851781553944 0.18623232569108894 -0.001167266102048795 -0.009840170683589252 -0.004557438410401215
-1.9182345261699767 -1.8188474260819367 -1.4000649904806133 0.007959018491409916 -0.005999452796219846 -0.0019259145198766972
-2.417344124368697 -1.3366645728931854 -0.5811314876422337 0.00476897494012834 -0.007515551982119769 -0.002979653684877585
0.8133684063934336 -2.9302722933686383 -0.3913243983590529 0.008507871563188496 0.004817746485313565 -0.0015461883571530274
-1.9461116498457223 1.801460070689059 1.063804264002219 -0.007975252462391008 -0.005720223226924804 -0.00171256916712682
1.5568651887897738 -1.666250209788418 -1.2242400494900971 0.010026565155272777 0.00408917216381136 0.0018342648836323229
2.1910253156130355 2.7167679105068676 0.35234978227193914 -0.006362839583022722 0.00459409388121106 0.0006606896994726677
-0.28865689530602917 -2.48092397202804 -0.7256685258049765 0.010153081182825697 -0.0020687251380983405 -0.0036321628170170334
2.2007798710519593 0.41464723371434486 0.2813929016780831 -0.001029392592772701 0.011985898841408776 0.002571827723110104
-0.11766008780690385 -2.5505904227037437 -0.6224933411709214 0.010779116169337126 0.0011716320652408977 0.0008409498975371863
0.7355889179738688 2.576786079154373 1.8409463732341855 -0.008610964105034468 0.0037067638448669326 -0.001271167839042061
2.1902350108363633 -1.1443193130989011 -0.022500265639352323 0.00616658333407128 0.010032718323316075 0.002524724168430251
-2.361303184067804 -2.592690415507122 -0.5082130719451811 0.005830070002551161 -0.00414646432450634 -0.003628987897085455
-1.2822381519828907 -2.06356675091798 -0.5812678997553647 0.009623832120401549 -0.005442213049465276 -0.00235691918135707
1.3435520045991307 1.4435426186337599 0.07953972999509072 -0.008776335542794769 0.00943199809877466 0.0035379452440431015
2.6398632772084696 1.4386517073260257 0.6153978161099773 -0.0066496208759397385 0.0073246920440678594 0.0027808114360708207
-2.070181391846859 -1.799822849549947 -0.9216786782658279 0.006609226262525559 -0.005171222346548241 -0.0063740743885788344
2.6324451496042482 0.03362379873356694 0.49964493273226274 -0.00012149916993596933 0.009806090913126373 0.003216680148638522
1.1061956029861661 2.047045537989633 0.7337992913332365 -0.010478066037842852 0.0027080683738049545 0.0038857541467499164
-1.0383844123142687 -2.3318832597241035 -0.8107709329284615 0.00990287959754218 -0.0036721795753660675 -0.0012372940598533463
1.3387692947078755 -2.573804161041763 -1.4106549645950637 0.008403995350129161 0.005075747344187643 0.0012081680331189613
-3.1522455093398585 -0.13019259671707437 0.21206506293018998 -0.00023548870212825553 -0.007996362275411084 -0.0046657568223917424
-3.198141993480007 -0.7073665495683368 -0.034512634474460076 0.0017459765879501953 -0.007329408805409664 -0.0035015576897368767
-2.6192348441492808 -2.140441368482479 -0.8481942620147649 0.005368972483664555 -0.00586277941362967 -0.000582810007640195
-2.1695406643664157 1.7552722442898505 0.5214727205562644 -0.007194977220488682 -0.006691105772903182 -0.001602440120616324
-1.622816062037665 -2.1495704828787057 -0.6091424940934238 0.008748706317124044 -0.005144800859702427 -0.004084970570993809
3.112719807840442 -0.03815767565777548 -0.3064184999324612 0.00016304950210455982 0.009237814605899996 0.004137773208603627
-0.8303995725545019 2.0604642498942747 0.6135588332030959 -0.01213509059807945 -0.0019989624441496177 0.0025780445346493385
-2.115153383645743 0.8092333104083118 0.5336639296967796 -0.005818450069692063 -0.008806765701399731 -0.002833101791312641
0.590082061317813 2.6027641851076884 1.6154231461508028 -0.008804254164395122 0.001803161198137208 0.0012582328816813373
-1.1311514261093387 -1.6682331787719331 -1.2289014134286942 0.011013910471445896 -0.00439279749373493 -0.0007908580544786257
-1.6763114805844723 -0.7201956958546029 -0.6359992348902644 0.00605314531098476 -0.011999336109197062 -0.0031908498375509383
1.0722444504119149 -2.0056584870492493 -1.092823220021046 0.010164639000935746 0.0047346318489072696 0.0024952801887741256
2.511010591260494 -2.065455231114546 -0.5112785802616207 0.006046724379732873 0.006969993278269773 0.001035988841257997
1.191454398874303 -2.640912395491048 -1.3576430769650627 0.008061983808586623 0.004859356532226526 0.0016814199278323754
-1.4317788948941268 2.244572758634041 2.056048519408117 -0.006474227321344281 -0.004303819418630838 -0.001129968340823967
3.12105692955984 -0.9942263982397266 -0.22406135503455996 0.0027332286766272407 0.008696230997723561 0.0031658850718366003
2.41481249083976 1.0572462871330124 0.25108813926620077 -0.004638951552638562 0.009860865461994456 0.0018506050401013389
0.6442521784969881 -2.793850322395534 -1.162596257127963 0.009745940911923353 0.0008009800746226378 -5.331927109012579e-5
-2.7268710772932345 -0.17322331984607697 -0.0912467711447909 -0.0008361812889391893 -0.010405131978807223 -0.0027898278295773794
-2.1767114928216396 1.3501281387089041 -0.026033307446101116 -0.006970656276672253 -0.007488440848860213 -0.0033285312759592776
-3.4304896469208375 0.1537241431420434 -0.3300875732688643 -0.00040264594736030504 -0.00859629230017036 -0.0032808149906085834
2.6091283132512024 0.8306282748347573 0.29785838115656676 -0.004595487499825948 0.008963265729574645 0.0044516393223236
-1.5675960720960085 -2.753274837141582 -1.3352405042824778 0.008203984481575697 -0.0032324245173215296 0.00047686022803363956
0.1777534171627671 3.3070356649415893 0.8230256112254266 -0.00828947096181733 -0.0006626316652102482 0.001073138585522144
2.5205996367306396 1.5109432172996653 -0.28311102722603887 -0.004157561894040173 0.008689647075197761 0.0038874381928243346
-1.4319436626661002 -2.0277177567907327 -1.788274778949055 0.009100555221999963 -0.003636105728593066 -0.0016406514823872332
-2.638835254443972 -3.042744703272663 -0.18737001476472212 0.005375122936060708 -0.0031814328072842547 -0.0037507544378769875
-0.5092007922078937 2.7673420590134477 1.080918613003002 -0.009840957435997305 -0.0003153626630232885 -0.00030863502897550237
2.875369319136523 -0.7538690215669909 -0.7482641848363794 0.0033017927058434297 0.008608409255520994 0.0036658569041112324
2.274884732906715 -1.588665954416203 -1.1136630268490653 0.006229974908738318 0.0059319619328020885 0.005026691377746872
-2.281667234433609 0.13056047929354211 0.11337656608449488 -0.0011452729231356954 -0.010124000027026802 -0.006912984401155315
-3.0356548115713546 -1.5188752400703818 0.6920288548133016 0.0029759253528018155 -0.005401450107801745 -0.004496913762707518
-2.5235962535793686 -1.6379352891280892 -0.3831450921347913 0.007735069403019891 -0.006828169572294288 0.00044167394340860326
-0.1311512091003791 -2.9247727556087995 -1.2331382892342304 0.009577042404938488 -0.0002758710215881254 0.00021119166029350147
-1.0384047608508538 -2.8745569839061336 -0.930485796643949 0.009168306855344026 -0.0017382276393671163 -0.002349647944063971
-0.8066660778408499 -2.2744391246875058 -0.8384706285136352 0.010109074333318629 -0.0025318130389914853 -0.003735626174687525
0.1757453948650351 2.394951098941774 0.45190695847842893 -0.011142512938904885 0.0025437661165009983 0.0019525854263807755
-1.2556960506821004 1.4194064172472445 0.6491898662936633 -0.010819825414504327 -0.006726800573449083 -0.0025728600829889752
-1.9622476644357723 -2.503624365461006 -1.3617952486748504 0.007097097371666413 -0.004662606949111408 -0.0018949609597167028
2.072751830358122 2.560397762037707 0.7938437186842612 -0.006190399068831097 0.004348958697835566 0.004072869654337209
-1.149362277788888 -2.9698742385970407 -1.742614416838728 0.006900026979602166 -0.004378589795303023 0.001918182968289608
2.0057659052457457 0.32044515323358075 0.5265821337555825 -0.0034838608242896037 0.01089906869281136 0.00639123361735157
2.493799868273132 1.037162341533526 0.21082925674066177 -0.005569467354151815 0.00796491055561015 0.0031161888079103183
-2.1461947780411093 0.5426424326531507 -0.09887335382364998 -0.0009343474142355253 -0.011859831389409011 -0.0005080498150456955
-2.5046080994027213 -0.599059411709699 -0.2559187079858415 0.005000838881591329 -0.009151566788274447 -0.002378029353151753
-2.3871902927174573 -2.4758966778145393 -0.6127583336212661 0.006142298921098914 -0.006117029731996315 -0.00042395948515741463
-0.8277025649079447 2.92581058209366 1.0708795120021375 -0.007845733744529095 -0.0024288864131509695 -0.0013740159990240338
0.26309887991564573 2.255288180402188 1.303046349827814 -0.0108480807790303 0.0001602994735027821 0.0010538830450597097
0.040751441698866804 -3.170711681200166 -0.8007417659771281 0.009313103530407284 0.0009074698097048557 0.00020462907373698566
-1.915511294429202 -1.236008966004092 -0.10254045810155812 0.007955065201596154 -0.007967971917642964 -0.004852451960703395
2.4588196320852753 -1.155648858418537 0.31208289621418234 0.0017738056596559547 0.007984854597997089 0.0045943753946951355
-2.990652014125329 -0.46259539681800704 0.4253698361070128 0.0021325167701982803 -0.009330518140214607 -0.003069919402400608
2.0074036495479475 0.6415768503533407 0.27502046921212353 -0.003967067826004455 0.011831903108144281 0.0041215070171603625
2.3254378395546658 -1.395889760101046 -0.7776717466601479 0.005967526547794462 0.007532010816701905 0.004392314009277338
2.155334694567194 -0.4719377658000056 -0.5044092791197641 0.003447543410426388 0.010638385275503766 0.005533951631244874
2.0558842529000585 0.7165863335767538 -0.07942639481018039 -0.005500709847301601 0.010143865610341668 0.005380098103987147
-1.8298955389042544 2.034493084293145 1.6810036366744354 -0.007530374379187425 -0.005437971001122453 -0.0020366222552812285
0.672790406575797 1.7851682423808803 1.3913340718620246 -0.010184057897930752 0.005470375677493439 0.0011436528654876362
2.3704684145547774 0.9471311053890709 -0.10444511540377785 -0.005044275223066006 0.009802662466208086 0.0034661706144256295
2.6480882883491175 -1.91223054344317 -0.7148107849009312 0.005129328761265733 0.008214593175022369 0.00017160575516515864
-2.006796122693805 1.2153950859984126 0.7314454904890603 -0.0073600538460518805 -0.006718690009500018 -0.005072648293065954
0.978953395763124 1.932057200922627 0.8193013342648234 -0.01073162223156968 0.004066998265857012 0.004028532128430744
-0.4704709575707962 -2.296084645130036 -0.8876369594578608 0.01089552547906602 -0.00018820199936899127 -5.963188547837946e-5
3.4484653565939327 -1.3235079769604892 -0.7142064762093511 0.003929530319176135 0.007682091517760039 0.002593782688872556
-2.272564115538521 -0.9475232551437506 -0.8783936736551057 0.004889958130744476 -0.008840046944648874 -0.005478062337096138
2.3542199594204596 0.5665074635421502 0.09924917647371859 -0.0005425928339960782 0.01077232351309063 0.004487107145764587
-2.4258733527008434 1.2448870679071615 1.499822835396458 -0.006193831224276269 -0.007007482250392601 -0.001252827620248824
2.716377749599711 0.4309835828071077 0.3827484436658994 -0.0035105864661076915 0.009473124956529739 0.003783318569109746
2.161528665490499 -1.649596520560036 -0.49397630983225216 0.006296487852948789 0.00781794751163186 0.0040790540965517375
-0.686099240626185 -2.0378484676993414 -0.8137093056264386 0.010841440740353822 -0.002354506136501791 -0.0018792673810605553
-2.3866547439073544 0.2837593446765027 0.0706563334655597 -0.0017588585462024206 -0.010937730790631761 -0.003563937435202019
-1.790556989603147 2.343751096148542 0.8839109389130827 -0.008098522925060386 -0.004721703735925423 -0.0026446388976281024
-1.4692939517995551 1.7404102123642646 0.634199998930712 -0.009328501500470866 -0.0074226009246712 -0.0011790015035639506
1.5323126358479555 -1.7375634530803994 -2.0197917978291815 0.008203843544648861 0.0034148353765245196 0.0035309962793698456
-2.568771525931615 -1.4642808580103521 -1.3165779651214242 0.004832206469205498 -0.006274988531575924 -0.004954234199492069
-0.4697496693783874 -2.647566145871969 -1.3049562932770244 0.010261770510874164 0.0005533368987611213 3.170452097579492e-5
-2.709953978333639 -1.5686164780216878 -1.0073409548676724 0.004977061328364772 -0.0067850493304585 -0.003752397722048958
-0.4062650554141145 2.6197214069627432 0.9407051318880464 -0.01055394123009324 -0.0019375294572323985 0.00017079087781137145
-2.273301550139459 -1.842569349996896 -0.3381448782486675 0.007229164687514387 -0.0036861568768961246 -0.0063877619974302136
-0.5082303993688878 2.524715006776918 1.6201449276418916 -0.008876585151216573 -0.0013853566602616526 0.0007456502187495556
-2.307403809354853 1.5654765836811775 1.0819298153500119 -0.005375774221070989 -0.006567300195533847 -0.0020682222166427296
1.5720178407134175 -1.7560725946605364 -0.7298795956279249 0.007167850931592115 0.007131652142676718 0.0036485506303883
1.4999415153030171 -1.2765876961482778 -0.29961200242617575 0.008680315576109935 0.010443077766089858 0.0001363970327940811
2.5465813826096495 0.23641751092196547 0.6257363649082675 -0.0023733557023446535 0.01070934277741651 0.0029059268111618483
2.17362841187686 -0.8654580953461648 -0.9963680141955463 0.003425630263810034 0.007080253745220553 0.007957292784382727
-2.6631743523909552 1.7403208989325587 0.04835306591511888 -0.004239097067074482 -0.006907698103005188 -0.0056814416984694
2.4084284143157757 -1.0796270811013524 -0.6374744956301347 0.0024736710925806113 0.008703356894750231 0.005394537627122315
2.9284186439479147 -0.7289956922267503 0.21875851114286202 0.003649290747684096 0.007956097051469595 0.0033201074222356437
2.2734013246022933 2.058220575443274 1.2095100915971497 -0.0064369216544974545 0.0057199496714525 0.003409181369445957
2.330228219499376 0.9203983198332256 0.19561238110586804 -0.004226693819532788 0.009371423516078267 0.002294702872944068
-0.3969975737282985 -2.0339702802070874 -0.8785918450963139 0.011859194691098888 -0.0001338088613060974 -0.0007479519180731813
2.9105283395244235 0.6480775477247979 -1.267641670479525 0.0010105697838089277 0.007601020195247679 0.005066926883654143
-2.175754975303374 -1.6045162180751036 -1.0094642713101065 0.006836760805165147 -0.00522347692012049 -0.002754595122886494
-2.1848777366851784 0.2268817687795844 0.11279184081933576 -0.002122016490481924 -0.009607372307779145 -0.00784086002477047
-0.08279509862752267 -2.584940729901204 -1.2337927665888897 0.009596605775018328 -0.000163960507549833 -0.0001549276937093654
-1.6768054915025896 -1.5400495588873448 -1.120724408506419 0.008428992000281353 -0.006868347055018783 -0.0017143689838618164
0.26701653996486757 2.4010487667111193 1.2752885886594312 -0.010861008355353563 -0.0008325672528792844 0.0003403242116380586
-2.181316000136037 -0.6465453132790939 -0.42680386115087277 0.004403554963713328 -0.010004093187587562 -0.006059736244822569
-2.018045433508123 -1.0050500671053801 -1.399287627754274 0.0059773773405212465 -0.008167052980080492 -0.0042102147658365785
-2.0523234357304183 -2.0036309028948014 -0.5089967840715047 0.008121689124762136 -0.003530919531827478 -0.0036092674225335275
1.1847388558014986 -1.7552272224938394 -1.315959422694795 0.00974778677665116 0.004500199553331817 0.004247676188568674
-1.2357782338530228 2.6497967742950643 -0.023422474888632253 -0.00913010748685641 -0.004382039842392407 -0.0021800822404766467
-2.270776788773664 -1.7864630073183148 -1.0911863231086836 0.006946624609875159 -0.004842683264657646 -0.00522657792447867
-2.978334599160451 -0.6995225485769784 0.20077262097040077 0.0014871542787265705 -0.008379218994835028 -0.0038102179801839746
-2.566676074253956 -1.321301641596889 -0.6367891216110457 0.003566170369993555 -0.007746787029894708 -0.0038933266893466057
-2.0606592546661733 -1.7309685306173395 -0.26957497333470665 0.007165866819262543 -0.008395750775969593 -0.0013600397769889477
2.439278338411441 -0.7008865940454002 -0.5302537241665949 0.0021473760466546874 0.010462698028167869 0.004384168470602909
2.2409239933180443 0.25722410498745907 0.5317685497845985 -0.002988106789470868 0.010020347965555667 0.007118056582428622
3.1798448351010693 -1.19843881577654 -0.04735599945553065 0.0021093916084150175 0.007239379510640872 0.004882891048291975
-0.21983171932118947 -1.9932801243698852 -0.71315879197559 0.012456754335176462 -0.0009399123481492344 -0.0013964547443053089
-3.4625984666432568 0.32761254597620204 -0.2736558609437894 -0.00040897780706763883 -0.007475027141274554 -0.004045518162269953
-2.737630516749013 -0.011999238741018329 0.24008553609376482 -0.0009967135227590975 -0.008948373797041003 -0.0022353537108741775
2.3431400148230925 -2.2356966332565014 -0.970629954784731 0.005453802020871136 0.004897305590455216 0.004919109417937463
0.5136626571850719 -2.30257530338284 -1.3334533490747522 0.010933630692956655 0.0025010731064673817 0.0003490674036301126
-2.900656086480749 0.23786844813754834 -0.2008870426590682 -0.0003527027575500572 -0.009081931185320566 -0.002947711496612171
3.115699925011862 -0.21245155431973836 -0.5175470461766917 0.00013196157988650383 0.007910388701951687 0.005537537724295127
-1.3202816350973767 -1.7534695729550274 -1.607794811495936 0.009439275305909253 -0.004730004674974891 -0.0014942078762327216
-3.08374701949939 1.764841142676833 0.8693905644268062 -0.0035385248066106237 -0.006060660359600707 -0.004379506740115686
-0.5033420253892634 2.6082231574277106 0.8199831179068839 -0.009185730670032472 -0.00027625205909078646 -0.0012727864197027566
-2.062722030020675 -1.8826252524477227 -0.39289320648171605 0.005745093575328529 -0.007716575667155628 -0.004779443536145766
-1.3766784230170255 -2.1764648005830325 -0.869281398406349 0.007229915948970737 -0.0057980292399469726 -0.004342805209800532
-2.067124447730849 0.580427712455022 1.1937290893428596 -0.0035447943946179195 -0.007752691156525702 -0.006333267802103344
2.6646089187966737 1.525332166879137 0.39011590381908395 -0.0055346695406212135 0.006797265322093271 0.002832023015215583
1.505049690897482 -2.0853721912858862 -1.0247544069719725 0.008286128782938414 0.005412313016923399 0.0028082625146937665
0.23446297757216789 2.4087470667862374 0.7370757761073449 -0.010856864524242163 0.0029552011761677884 -0.0013805859356526044
1.782442361044798 2.2655547460150682 0.38538148914194365 -0.007377316031232847 0.006646619662564098 0.00263119835168287
-2.5449943692475943 -2.3622925799050054 -0.5037872864906224 0.005059699870607546 -0.004981557974424766 -0.003177016854385312
-2.2971406283930813 0.9664162602007101 1.182376459090919 -0.005855332775500322 -0.007728510539758732 -0.0020518934740067986
2.5546497764382847 1.2865440314372756 -0.17941282751786444 -0.0044698995535731355 0.009235113132514768 0.0027554931770361318
-2.2755058662510566 -0.8796968890816993 -0.6454862531860734 0.004331350752229103 -0.009217992781529454 -0.0024680264021071895
-0.10549692969091587 -2.621093122551412 -1.470148888028495 0.009376213636068028 0.00013883452746927665 0.0008131675869136037
-2.8753850615802983 0.9541715068113642 0.41374796314729134 -0.003754617415891944 -0.008613783292990049 -0.0016633271188218682
1.0079610447174163 2.302996257847536 0.7552958665108304 -0.010372837399786575 0.002527344421778448 0.0011006268210990405
2.011228098253016 -2.3756488553374013 -0.49573598893347776 0.006840806202241556 0.006657764285651542 0.0015672647634231752
2.08157002185342 -0.5883800780955768 -0.5166166450306775 0.0014833655208553102 0.009312494715918525 0.008369369997831331
2.1251841214971114 -2.906377254030921 -0.8134567103639866 0.005865324035152069 0.005577554796936696 -0.000340602135040107
-1.383125856918942 2.8346218524614866 -0.09129169615641448 -0.009225614321075371 -0.002666000709264375 -0.0014261110971936803
-3.030947568021635 0.4226310854158076 -0.12731780290922973 -0.0018670488954173512 -0.005607767032518515 -0.006559012162992039
-1.9984517953157777 1.8043679857972619 0.5629423465366074 -0.007969748779826546 -0.006445349123955793 0.0017442024993382687
-2.274100037874743 1.1257746093311694 0.6613283678871025 -0.004431447666079305 -0.008814648194009957 -0.004060173112211389
1.337741016051795 -1.6020323936215017 -0.610497812412731 0.007993429247607785 0.009228799632827599 0.003432255697841143
-1.2116767662013146 -1.7252248374442127 -1.1307169907211567 0.01079512959682532 -0.004411758383903706 -0.003970101074175485
0.006481992552887638 2.10810438743259 0.8702773849613465 -0.012117626708862617 0.001970350490082809 -0.0014284576339716035
-0.6364714584494193 3.012713163181864 1.4829305686813825 -0.008114809769180173 -0.0036305581337909665 0.0007284665730996681
-2.3996656937763894 1.295590503041094 0.3305680668120704 -0.005207045095909389 -0.007451353629883044 -0.004439311314848919
0.4297312683232664 3.2238720764165314 0.6917238854894509 -0.007670303852109485 0.003512540140107014 -0.00044621369908320625
1.9365121074203948 1.3233887718732456 1.3867853378705999 -0.006619783511875903 0.007383684076457458 0.004205806815958969
-3.1712558245442084 0.4867398714906347 -0.71879304287176 -0.00014246128342469986 -0.007455463156202817 -0.004027808994376711
3.4570192240431465 -0.2154234392945222 -0.25510859103394445 0.000240266577628151 0.008060222371892377 0.003398935978492295
-2.0693263244157984 -1.722679919632092 -0.8710060930595468 0.008389544857385635 -0.005216534070763981 0.0006341377531604736
-0.9642148451306087 2.5870109416032747 1.7267244161507243 -0.007646377795307333 -0.004058700327088486 -0.0006331835222724381
-1.3573929766432624 -3.164738665524344 -0.22512106425517414 0.008172484759948436 -0.0034035672672235932 -0.0004522217835853255
-2.9427578248452386 1.4445020080828084 0.7453361412552695 -0.004292497495179989 -0.007898675615165699 -0.00022459147959886096
-2.601828452225886 -0.07954681267113245 -0.11917724408181334 -0.0002720393568336769 -0.00914637807736818 -0.0042247993186578245
-1.3734368809569373 -1.6187105383502234 -0.4932510613404374 0.01049196854311398 -0.0058962154560538785 -0.002551704195173977
-0.6559633737478692 2.4895468187588943 1.0371025200190842 -0.009611790641096518 -0.0035124977303447108 0.0011488621065061627
-1.5242108083637942 1.5391987778172718 1.0570802187236723 -0.006833552968273485 -0.00897911025449304 -0.0018935810863394528
-0.23132544900698607 2.0096134540466917 1.2398377860772654 -0.011861230817223732 -0.0023704490961342 0.0014277847240439453
0.6070448670659856 -2.934561033519004 -0.7526613048171638 0.009617878369549596 0.002854710957304249 0.0019616392141247477
-2.098461220367875 1.4018017048053246 0.4307910713904159 -0.00402900802417387 -0.007040151471329551 -0.0075841144305246605
0.2740395886945682 2.3866313407381843 0.7788702461849208 -0.011006017884632732 0.0018284979799497154 -0.00010577230067105289
1.9019953953632767 1.8538826611804646 -0.16835996458779487 -0.0068025261555301995 0.006555893514039603 0.006204078697237333
-2.909169091252378 0.13848718213176522 0.35674890385240293 -0.0007018771773325945 -0.00862680543977013 -0.004262877200831447
-2.909921934352489 -0.574797240060662 -0.1829004156625414 0.0008312885198920588 -0.009179571161035438 -0.004251453837329992
-0.6859162302600954 -2.3790441758274246 -1.8979996854040073 0.009693971215753822 -0.0004714796992172635 -0.0006419638032147616
-2.8039641256778847 1.9990018365862279 0.967918272607298 -0.004809191605828237 -0.006549871429035038 -0.0018651363845465251
1.4202175699310868 1.8157237012785896 0.7115641975827243 -0.010126864438554288 0.004549595147694925 0.0025881176673233394
-1.2307873991713587 1.8354871928664758 0.767098419382673 -0.010387032050843086 -0.004832923574223602 -0.0036825656891197648
2.236243428835137 0.8428093811311317 0.31725051378075314 -0.004831691580509021 0.009323984609817322 0.005202980559612177
-3.1371308859813127 -0.1464893756080668 0.5026022946918631 0.0007068181889378532 -0.007910703394633274 -0.003337246517815736
-0.7984767008299587 2.472287438798267 0.8141174889408149 -0.010279063898356946 -0.00027215588793020506 -0.0006072173853549395
-1.5621540742740372 2.5690992833632036 1.0859589389186093 -0.008675875309916785 -0.004170021094316633 -0.00010805130521978362
-2.862884957858476 0.12474130438475742 -0.2131059013596483 0.0008435669269998743 -0.007654248306025984 -0.004586871273973507
-2.523093901380341 2.393864713692167 1.1764242955673379 -0.005785379910077341 -0.005348557121546041 -0.0021645633470196626
-0.0033870746038386444 -2.3789710677381604 -0.6497457383969212 0.010566414610352329 -0.00019624108860102714 0.0009661394179643689
-0.6885035334074333 -2.7901989123599873 -0.4708092959700361 0.010148971169127632 -0.00017323139675759556 -0.0023145070559622543
2.641899512845057 -0.032913892632359804 -0.03274315183147359 -0.001239294291182409 0.010299294769152813 0.0037449935176929686
2.988400074385971 1.3983952673590618 1.0918406699441503 -0.004332007313492487 0.007419879236008304 0.0005331958434141495
-1.683366415138625 2.424608980052825 1.306570502358457 -0.006775023529007127 -0.005279477265608773 -0.0038694776092044023
-0.897225638652561 -2.1243484485390582 -0.8035458862478153 0.01019386736712067 -0.004769316664999961 -0.0009871614025523453
3.31875075003192 -0.06394729767560736 -0.6167781827930094 0.0004478817798519733 0.008431622709852054 0.002735442691267205
1.2432504705008978 -2.376013327029079 -0.9290831006421189 0.008917986559137519 0.00441544585301184 0.0012829866328531244
1.6130396944156624 -0.9458045197900828 -0.12343628657099373 0.005906937143182672 0.011662061344371123 0.004091953993986927
0.7763872771470498 1.9403238601460322 0.3986440607099962 -0.012099041286317098 0.002661340297520733 0.0006810812825730074
0.18630606200503552 2.7281175506757718 1.8347541031311443 -0.009184927178527516 0.0010351317043840475 0.0002591884915410926
-2.634364941620179 2.3378392900170253 0.38700353962496886 -0.005987873793085898 -0.0037592124472575618 -0.004909330339695046
-0.7436958664426929 -2.636358695631837 -0.7584955283609186 0.010085083919508917 -0.000773192817773214 -5.574182990545715e-5
2.886924207268158 0.043219511920943865 0.3339937678885178 -0.00026611219045398065 0.008194727140143108 0.005450203254611296
2.4739601904344384 0.8978217618079901 0.19676888632589895 -0.005320498235615839 0.008285346477410548 0.004383232884100706
-2.524177006154609 -2.34332550356359 -1.9346602109890947 0.005658224017820133 -0.004745579571373229 -0.0014430972571934618
0.9712715057141316 -2.1519025425172424 -1.6885068449280927 0.009795331538523282 0.001639474628664176 0.004186554589982983
-2.917220558217806 -0.8018568727707839 -0.22818913442583727 0.0011190630998871253 -0.008375069148971454 -0.003515081168743069
2.2086260651379153 1.6200296186317078 1.36016558145491 -0.007197450888627484 0.005196588311704178 0.0033462143968805555
2.5417455488216416 0.6781736773556772 0.24017052673086925 -0.002746360047936164 0.008578329757789804 0.0046583200892941195
-0.9696510054481972 -3.1896778091395936 -1.2645543796741852 0.00830413338964286 -0.0011714260074818733 -0.0007577952826093696
0.5628230332374318 -3.1918211790411726 -1.3705327691133136 0.008141722890709562 0.002292343854670306 0.0015057153647525174
-2.267721210046437 -2.255246639527248 -1.3478526359601568 0.0054979470344086985 -0.004674493134361692 -0.0029124027751444865
-0.03425473979287305 -2.928271046278191 -1.1001033867944623 0.009189387288456799 -0.0016929784805209953 0.002604716398592356
-2.3959339089315708 -1.3766091806212652 -0.9031051781247009 0.006630357479554095 -0.00809637086788953 0.0002926351608720564
-1.9052537259447624 -2.678033474536838 -0.4518015222186433 0.006291355373300526 -0.005034156396798057 -0.001536603091754459
1.9099546048102265 1.5195469009383042 0.7580944082640858 -0.007534325210783212 0.007228060990915815 0.0038116332026035715
-0.29502489960942774 -2.819369214134938 -1.711350573048645 0.00864200591696741 0.00039815278187757346 0.00018730890515395528
-2.796477580388282 1.3530134473528446 0.5550499202840117 -0.004186697436021104 -0.007362786139109156 -0.0022413754555432783
1.6783585482408439 2.5312077229104943 0.10550456722104175 -0.00616566385341042 0.006359852817076478 0.002909493123357956
-1.6196669940850856 -2.06116730828372 -0.6179549334383599 0.008815243487012028 -0.0051308098497401255 -0.002421942629229135
-2.4789961355500587 1.9620048885736048 2.1222835741024224 -0.004535594591254532 -0.005558594239838158 -0.0030493807119832393
-2.564555425140548 -1.9366859826766092 -0.4209636269476226 0.004720162221659305 -0.007443972732316789 -0.003419921540446868
2.4238094769232053 1.3778317026015714 0.23720057819916623 -0.0036639378301137455 0.008848122797558228 0.0035688269034184657
-1.847563330654181 -1.4137700147367567 -0.7014986377822309 0.00870638707387488 -0.0061177301130014745 -0.0028343510500938203
-2.596176725600291 -2.130566478073633 -0.27983208312169716 0.005333702720345402 -0.0057929181740485084 -0.0038891576345458515
-0.4424551843427278 1.8561492262588097 0.778360179358526 -0.012511773688832563 -0.002529488503407303 -0.0011396272591994157
-2.766077474075546 0.6644995550065959 -0.11637734589415215 -0.002353928033448886 -0.009399409945892702 -0.002656742614153125
-2.417275406547422 -2.2947089125650746 0.4528468716911461 0.004815056793500039 -0.007663242312360547 -0.0009916933632083673
-2.026483249160811 -1.2902483762103891 -0.49998649397004136 0.006742102070419319 -0.00853581506094132 -0.003139959326605117
1.979417043878258 0.8583220487477253 0.23633918907093046 -0.006816038849844165 0.00948743191000076 0.0034493778593882207
2.503794825855014 -0.7039654859551103 0.5970832162606264 0.00038410998292429566 0.010407132763954375 0.003337690124585954
-2.9663720334025303 -1.5025818519980458 -0.33643056400606675 0.005083562986549711 -0.004618695242321821 -0.004607988014754943
1.9751468725067372 1.8993848964528486 0.5836137853801275 -0.007322537887449006 0.0065249697106519325 0.00241469450111753
-2.225806406479915 -0.6112376856387054 -0.5430091851404286 0.0018754646867345504 -0.009906886362179084 -0.005871974320825386
2.9270974077963556 0.19992717102361 0.06060553634946261 -0.0010568312495157126 0.008543424849644082 0.005021298818441763
-0.8508727548347413 -2.5579391799834084 -0.9313005521850515 0.009084799598919367 -0.0018894737776154209 -0.00030519523295205003
0.0018201604225109827 -2.5069323316044003 -0.9702651116806088 0.010244398086611255 0.001942429126573087 0.002230524880017823
2.0105189083676467 -1.3344664214813278 -0.9415663745567558 0.006315754732752404 0.007618703194972317 0.004018112280209559
0.6719465375311792 -2.2514301585139966 -0.993375036251897 0.00994337777879606 0.005248432656037514 0.0001678406057063538
-0.693642823582189 2.2943459398969797 0.7428282860940008 -0.009985102860329713 -0.002031497134643578 -0.0011613131943097443
-0.9421028926711218 -2.9514000653090506 -0.5795088936138786 0.008853808268722731 -0.0018885706965603801 -0.00014794382432754046
1.2914892779981793 -1.9482137565432707 -1.1565339138518238 0.009804367715577949 0.004004924042037444 0.0015271212468472108
-2.9319051406140164 0.24074269208950697 0.8376139812088343 -0.003624545545549275 -0.008355582472427356 -0.001483201769309343
-3.156074796843522 -1.8407632782014864 -1.0175834622060427 0.004122404139148718 -0.006072201553330725 -0.002508959388188439
2.559362150995431 -0.720442468196979 -0.6833964722135967 0.002391267015691591 0.009557600960495032 0.0034992800380121308
2.449273361889364 -0.6150692856225164 -0.8921540650102995 0.00569849617168413 0.007810761658698753 0.004111338084157647
2.0141054045792877 -0.3072788057057196 0.000381218993773486 0.003564728382258632 0.010955462995625099 0.0049208022084514325
-2.312144334056987 0.7133626452379712 0.6176220004796801 -0.003950131175123843 -0.009573100511904851 -0.0037533050990829534
1.8666898484260792 -0.3200603758128622 0.37056489145002364 0.0040473013173636515 0.012788259969405996 0.002079855096325424
2.5106514344813675 -1.504057286105143 -0.834134575262317 0.005428375891893689 0.007559105398992124 -0.00030067325238540305
0.45189807240414126 2.419476840647037 1.1287503344109773 -0.010190819600996708 0.0018162821381556202 0.0019579020976369685
3.1035538915476844 0.2969921234735261 0.6337698131989112 0.00011289497921293337 0.007160852492096239 0.004976207616668491
-2.891664240176709 1.2739628776160699 1.6410844615358724 -0.0046602177511378675 -0.005494229994613656 -0.002706066980450445
-2.7644834583022506 0.8425101943969472 0.395248709265051 -0.0022487338338521416 -0.008556387500162905 -0.0010722091357113583
3.164653729458514 -0.5169212342285437 -0.3300799912838582 0.0003725152610635746 0.007880076741489082 0.0038310186159953986
3.489510643412346 0.4277279698143187 0.4761840644976454 -0.00022492331075190563 0.007629370415175979 0.0036873986930302228
-2.5021506918190193 2.48751553789066 -0.6158917808662799 -0.006637546371894581 -0.0025135337734391652 -0.0018963567603207262
-2.4389898561912586 -2.552905478546183 -1.2970229888231322 0.0061464106192511804 -0.00441159269462538 -0.0024405874445062544
2.1308415965599394 1.733982712710374 0.656456245334974 -0.0056431329314689666 0.00836524560268382 0.0036536873434209853
2.565045076147196 -1.071049151926667 -0.5503141194539231 0.0025944625230504307 0.00972232541394553 0.003757315340579479
-0.6195131685403398 -2.887137637894021 -0.9736242911796114 0.008425300569958244 -0.0021607941119066174 -0.001223409221463656
-0.6863680763744344 2.2867439085494325 0.9731752525571553 -0.010062061493823538 -0.0026366732796031392 -0.0027932426145625515
-1.5040205334627976 1.9470254336429467 1.1743801669218519 -0.00962555563965277 -0.004095663221177843 0.0005279254306247741
-0.31036644266245367 -2.8473655291046445 -1.2831826132481017 0.008734454165504871 -0.0008569389558275731 -0.00020295901554538524
3.6746291510886957 -1.1502832742007556 -0.36763657525798854 0.0023692513982929635 0.005893920937430656 0.004398887831820784
2.1057706967299614 0.4239776198652672 0.2642605457764048 -0.0020860432354168693 0.011008281307288221 0.005203928241506575
-2.457386756148758 1.0421829892291283 1.0262883057996905 -0.0049418432649080005 -0.008119228051789227 -0.0021367246686059024
-0.6535960692946651 -1.7948340558566456 -0.7189502848825334 0.0119497371149571 -0.003902113413880664 -0.0004012657133976499
-0.7070051250765047 -1.7262823341485183 -0.9799796950184595 0.011957522730617872 -0.0034634987057818286 -0.0014021099136150498
2.4425719804666843 0.5011694701095688 -0.01810632274169669 -0.0015993404926183663 0.009832921470627715 0.0035347563663306303
-2.1279003632383726 -1.4062636944046147 -1.2306220154222656 0.005718144764007621 -0.006576301101471447 -0.0028862865068504276
2.2527485831434184 -0.10121414089856232 -0.2993523328309547 -0.00206070526414183 0.011559037815258593 0.00409587531892211
-2.899089439383225 0.4710574575267874 -0.09893424507860991 -0.0014261519230316822 -0.008855573343641647 -0.004357538587211455
-1.438114072829042 2.0056237095469758 0.2727659433424858 -0.00872001608245018 -0.00647247484093841 -0.000803165033093438
-2.0492555866249167 0.5433856776139978 0.1678704866626299 -0.005054107012280122 -0.010629715375568569 -0.003927289889054909
-0.4216404460392015 -2.87430583907933 -1.3515842162230247 0.008042969106090139 -0.0007954419559353407 -0.0030914259428587395
2.0533152584385137 1.2425407817411156 0.3182282152078124 -0.0064541114385089976 0.00804412778651351 0.004299884339037456
-2.6857442126392193 -1.024618872262132 -0.4926324786621327 0.0029009721951700584 -0.008209240035258787 -0.003988567537684677
2.276772662013945 0.6831493604036695 -0.06064899307185285 -0.002758683166674701 0.010306828540120595 0.0031466496740805423
2.5832730494997533 0.4854465360949998 0.7469241262049087 -0.00560703248780346 0.008338412594688998 0.004811898493888607
-1.1764392575657898 1.5556334786838306 0.6568775005001767 -0.010685925294294536 -0.006825868683555807 -0.002063660533522058
2.012298801399536 -1.022158968152266 -0.46209451419842223 0.004104386854195132 0.010486082372722071 0.004872667848935549
-3.1963397963530165 1.221742567083774 0.6630188397302513 -0.00314877438369812 -0.006149190637054028 -0.003332116321698306
-2.3808261773094435 -0.6193406669419687 -0.6202048751483349 0.004378040425265889 -0.00816549531171682 -0.004755585800434254
0.6027484454936678 -1.8272084369254784 -0.27368873292998597 0.011446361496322801 0.0033196023160915944 0.006490532276311976
1.311343061299493 -1.9085530351080737 -1.0523335799682165 0.009527905328172714 0.004743023142054598 0.0027818497956000545
-0.679880234459991 2.0985533810903 0.32935998606224093 -0.011963175471337502 -0.0035643961449265873 -0.0013565529165105242
2.0619426892186024 -1.321395809522789 -0.780710011883834 0.005187676438915058 0.007596820664509301 0.004673008137656696
-2.0607334635172703 -1.3944256639440358 -0.8509052101918002 0.00561775626968437 -0.0081263671146031 -0.003598139097870207
1.6808019317682326 1.2676502454313812 0.2743425769255659 -0.0076445156511877645 0.010659454543638331 0.0007738656108279265
2.2904592574915976 -0.6042346304391962 -0.5938267174994761 0.0019598917040163054 0.00961320220691575 0.005026202380631753
-0.8411474268567748 2.042471377033131 0.8347115979347419 -0.010062346832095448 -0.004857657580995718 -0.0010420715485065135
-0.8607668750590158 1.9136316014341983 1.0576865776177207 -0.010025056899013845 -0.006138674234375962 -0.000492607112384959
-2.499207773077344 -0.9973930303292105 -0.9962990131835283 0.004899680284489701 -0.007154488797664905 -0.0024609582135586778
0.5483943453504838 1.9424387667585323 0.9325937287571785 -0.01066162789212451 0.005666741824921901 0.0005448059661921202
3.005976519056315 -0.8716253233074552 -0.2714088895325224 0.0034119277156757786 0.00652099704293974 0.004918613822469951
1.3561893828808789 -1.3498196479793925 -0.906841414229082 0.009952416298367087 0.0074218127921286585 0.0009118612872144585
-2.4049637310159078 -0.4647583875671604 -0.8512972318064487 0.0023425100634646536 -0.008756988569249183 -0.005027738664108044
-0.4756913313480489 1.6544900579359 0.3200098838274348 -0.011838083182491374 -0.005324041355104507 -0.007486305234141133
1.9172937951139575 1.54024600693771 0.4411782071827379 -0.007907881228252523 0.0070046424845426536 0.0019788270216892345
1.0571377517625615 0.6528753229281731 0.560910077553444 -0.011649465412488472 0.009307760608071236 0.003196421884516847
