-2.386464127546575 0.5430240861146178 0.7403023924043717 -0.003578850339526082 -0.00985197568551069 -0.003907576629793262
-1.360716673951414 -1.6232031338463375 -0.4692898874405756 0.009630183484781682 -0.006422455646578648 -0.0038153378225354966
-0.8482739456965431 1.9417982758309 -0.3283770739139109 -0.011732158609106385 -0.0053070924284223005 0.001859788912620762
-2.3811991566200357 -1.2745754165799947 -0.7465643431626443 0.006115103144561913 -0.008319740236163603 -0.003327284374389631
2.9844345783358732 0.06163239877614059 -0.9605958168041675 -0.00019597690746070545 0.00665620808125193 0.007057083329299967
-1.3638895511522735 -2.492881612870892 -1.7205009701401 0.008216522498012005 -0.0036845745782812093 0.0009576899958740071
-0.26309557460547434 -3.572905108744829 -1.1194942256581701 0.007732521856373373 7.708934340265856e-5 -0.0021827680408482045
-2.5945354133990097 1.2233771447497876 0.09817647183003798 -0.005170120202009286 -0.006751637990636405 -0.004732722283214742
0.37704118551829974 -3.0424445896410077 -0.587856511542021 0.008416838609288978 0.0028219807271804235 0.00020115311417619894
2.4955467093449095 -0.498966678089422 -0.260148885368079 0.0017362681235293623 0.010525441030061889 0.003937425842503025
-2.6028960767352993 2.341992906237522 0.931892468148109 -0.005537959395208778 -0.006458838508173212 -0.0022275150009394796
0.5937582782082916 -2.1060498999967407 -0.8806800005040927 0.011341577928991563 0.003056117389928588 0.0024915302797990048
2.1597606334706185 -2.329395418774444 -0.6902617594687858 0.006585232056603097 0.006281095609337221 0.0019622559609977813
-2.7498759697627504 0.7132577674831091 0.5354713227249291 -0.003791713576672655 -0.009365846121671906 -0.0027675746376078373
1.7165227339744615 -2.238326443370792 -1.4891976648620275 0.007206405168724813 0.006044505636623781 0.0004988404806666181
-0.019571571794356785 3.1802047684575263 1.5945476420949496 -0.008842266232591486 -0.00013987449839986815 0.0017458532176931084
-1.1779881558836764 1.7104285260969165 0.586825195180584 -0.011398735179793233 -0.003634465906028728 -0.0026778505631379246
-1.302210051413083 2.460169451025025 1.547004798704565 -0.008410531287844721 -0.0042836940887356545 -0.0004590760073920769
0.2161614805663895 2.063685841575448 1.1712689818422635 -0.011403763834742285 0.001261104547993925 0.0006317254553503903
2.86939984663263 -1.8866705671206159 -0.8665648602417151 0.0049924961720786264 0.006294016931534107 0.0027667639719519033
1.186444788890968 1.8745901441698674 1.0520807171994253 -0.009916420626421 0.0027642006544859148 0.004414573989807475
-2.786642852843947 2.6416091579523355 -0.22725603760196617 -0.004451982256489624 -0.0059539831775943545 -0.0034618942490989863
2.8880583071717623 -1.1950430659804663 -0.2542781219536687 0.0006537870410185269 0.006869566381069957 0.006816504827249111
-0.1270077325068116 3.135220731991696 0.7526245087734635 -0.009869793911579479 -0.0007658227048994588 2.5795346008780854e-5
1.1743507278413658 2.4587282141301836 0.14642532720752355 -0.009693209206957765 0.003211610438223688 0.00251796602144298
2.4218980591465535 1.4906904662570128 1.6038657026299026 -0.006682686127791543 0.005663453972645822 0.002715354496371171
1.499343055820853 -2.315341230702723 -0.2668702300329298 0.007744563916773176 0.007155777535104231 -0.0001465072137486412
-1.934936114418031 -2.2329254772342484 -0.4127285471368555 0.00777414500624511 -0.0053126329528975615 -0.0018708623365239262
0.5284289887733605 -1.9741593983907937 -1.210903354347117 0.009979547683727271 0.004647267886295392 0.0042220272995951765
-1.9335258059125953 -1.4985990453517204 -0.43227477016469235 0.007606839517888321 -0.0070909599961233305 -0.003219015067971801
-2.6790099767438362 -1.8131335958126795 -1.0847994137984436 0.005322059225294158 -0.006142717800358841 -0.00379325021752904
0.9459576481982652 -2.4712890957267732 -1.614218974502633 0.008504168281896311 0.004112556394312012 0.0001204021293565155
0.07635824029202871 -2.597455021585387 -1.4978465139051478 0.010119232527494797 -0.00039355827260283057 0.0002206764321494264
-1.5868399111323572 2.268696063083007 0.3675610812660979 -0.008880922501010927 -0.004813444553944054 0.001361739618058209
-0.3513800092631703 2.214068037700491 1.0462409534249446 -0.010511122480214623 -0.0037429771678380215 0.00017532415326155859
-1.442095764763354 2.4855574582733886 2.164313617174726 -0.00803996895353313 -0.003902166617229852 0.00029356150539206025
-0.30368507539760287 -2.412601737944397 -1.1175796017720452 0.009796451671908188 -0.00042781367233080933 -0.0011914702815588303
1.4111648475188667 2.4401121811165702 1.6553138124002207 -0.007941973083611692 0.004659242969087983 0.0011269363176731766
-2.4599681327305314 -1.2928784587596978 -0.5627366736961058 0.004578605541325523 -0.007628138481938099 -0.0030268346020753813
-3.4405719488600326 0.7329765110764648 0.8232925439315076 -0.002926863489393076 -0.0077896278090799345 8.553878862181033e-5
2.3841302832735947 0.24650109124040184 -0.1660366940861739 -0.001122547107293204 0.010546658080706643 0.005029513374423155
-2.171530162011942 -0.07239305523129455 0.1316292679236811 0.001460464067912376 -0.01060306417739736 -0.007078952015447819
1.8090781566118166 -1.7911985236576 -0.2563847046132601 0.009666588606844984 0.005477766581905036 0.0006592128419107253
0.383392100541414 2.660732658962338 0.769115349407063 -0.009844701959472773 -0.0011836379312632492 0.002487941435770277
1.8973655819619502 1.40097092769517 0.4703972313983942 -0.0053862388399900365 0.01007878173597302 0.001763091586755534
-2.928805021133449 1.3698428657344333 0.18280526829014865 -0.004135353937836096 -0.007428108921547092 -0.002000841932042101
-2.9295098806795825 -0.16753972831944966 -1.2896197224787145 0.002498580162002924 -0.008391384018765756 -0.003989687251007564
-3.3107126048098454 1.693507185679142 0.02858800746570965 -0.002766590499141518 -0.007342625814138189 -0.0016805962786482645
0.6106454935856191 -2.6360371084527343 -1.4108620051959229 0.00837347720974852 0.00461928821271038 -0.0003036271876132602
-2.4292343172819324 0.9853341562991048 0.47241636119552366 -0.003553396136781017 -0.009647081781778647 -0.0028745835943339093
0.19124145459828568 2.0948133685404473 0.41841048244673185 -0.011788948537013285 0.002711856540366084 0.002637801237105854
3.411416523577842 -1.086146752586636 -0.3712780256713113 0.0014707108695771797 0.008057437862787769 0.0032004207639762406
3.362902844547029 0.30877776365005627 -0.7228977815728712 0.0007648153914689373 0.006792913964856091 0.005588835774618478
-1.484707997029855 2.129259749426396 0.42662678597456966 -0.00806513890965236 -0.0058017226907445905 -0.0033973828320310994
1.3859823171729895 1.9507080056303894 0.621553966735051 -0.009758906499972438 0.0038187739642763195 0.004257857914331967
-2.0918990366893455 1.8325685668436797 0.6281095715423475 -0.006693672733436754 -0.007027550360854903 -0.002449803718992746
-3.1522919994675727 -2.178093387252141 -0.5984852858563829 0.005154519419103683 -0.00542431399797508 -0.003326894315559712
-2.742056351127138 -1.482083268032145 -0.6227001664512238 0.004795780084055645 -0.006634586872841022 -0.0043218002236276865
-2.9727236745701893 -1.2841787320445892 -0.31933167640693444 0.003903807458724269 -0.006657987890543691 -0.003392044038383235
0.614731233442045 2.0198429715676856 0.5402460265890143 -0.011596840902375513 0.005494626513187336 -0.00035451683331965854
0.631559161291935 2.3370295613339436 0.6056288943904024 -0.010608527154854875 0.0036580299637245716 0.0012503323075753884
2.1852847605591594 2.599710444545459 0.6993549108063845 -0.0062604493646287234 0.004972874883976223 0.0035161854067151093
1.9493009326941169 -2.262110066584372 -1.2003753258232166 0.007194983846485783 0.0063124684707631775 0.002173350378717174
1.8089401273009664 0.8062280414472544 -0.29123108071671316 -0.00637905177036534 0.011783448114974249 0.003985030127248612
-0.8073229522494829 -2.2009490402583123 -0.7762799887039626 0.009969507674992276 -0.0018483399462449614 -0.0017501616654450733
2.063342802766381 -1.1353657109295565 -0.7369754372690447 0.00717588200618042 0.007649845240293799 0.0046764083671261905
-2.8723133356487702 0.29606694655187527 -0.32240502383792985 0.0015307965860503437 -0.008318958704823522 -0.004857421616069237
2.9744253777873566 -0.5959394820675824 0.42891656283709634 0.002526116423024143 0.007739897524951628 0.0034251518054594548
2.062015683141353 1.6461396347098285 0.879055056960839 -0.005955595427045535 0.007549946064138228 0.004121040794760813
-1.1744559033881636 2.8087337449428564 0.5930948204755983 -0.008974127030460485 -0.004033832917053123 -0.0003144005944388627
-1.8885238975254854 2.1789081597186293 1.1926507884623025 -0.008707554236909196 -0.004309138676845098 -0.0013715910634296772
-1.9735232101019853 -1.0015689997411839 -0.13166408756836687 0.007776402521470824 -0.006577102444891274 -0.007086096390075048
1.852734493936253 -2.5822128502004844 -0.8333353273509135 0.007621283207977798 0.005427710051055899 0.0021996563007240836
0.013727245293810945 2.697490783436213 0.5272839663243399 -0.010600649696845255 0.0008698683884095994 -2.748819565239466e-6
-0.6094073476827707 2.7511993667254155 1.1457375931768996 -0.009395683338974076 -0.0031161046907028497 -0.0009006970007012462
-2.2991387025393566 1.1262093158980024 0.2669526049234071 -0.006064677762498762 -0.00936700527235508 -0.002576606258393139
-0.7085699415163703 -2.7771546355745316 -0.8887058873123166 0.00886149517165144 -0.0016969109591047694 0.0011392862249409107
-1.3350826236818834 2.8345683417201935 0.910923761275485 -0.008845525226379177 -0.0033614553813426915 -0.002245566959538027
-3.1493250121897924 -1.2855352248541976 -0.49973192482376433 0.002541789268360674 -0.007646550590008095 -0.003742360206773763
-0.021788661294458108 2.763998814275885 1.0121239010176237 -0.00998694193836818 0.0023110669517087817 -0.0011834367067973973
-2.524358680399995 0.1069493187521565 0.41063297417756234 0.0011710586901092978 -0.010883185472818978 -0.0029954336506847357
-3.0129067234883204 1.128905760056059 1.238510648678615 -0.00365774676336746 -0.007991690033194818 -0.001373488345606222
0.163721933854189 2.5651467627780447 2.0385010265640955 -0.009087477890676014 0.001670648603613146 5.1662419117408064e-5
1.300932575570081 1.7761032358904687 0.21402541166963623 -0.008602763231819993 0.007117888995933947 0.0069250957005587655
0.9401562470288233 2.4521017371373834 0.9822208942611352 -0.009439381925693406 0.004435965973226013 0.0015713814179522875
-3.1062806419746405 0.04765835168614901 0.4404545828484895 -0.0004863360260339508 -0.00876357796001096 -0.0041345666588479164
0.6901310976096316 -2.3511996394032098 -1.798818337506155 0.009475696040049178 0.001622212656437091 0.0018592443306675588
3.121228009484166 0.5900668533940984 0.37655001541703664 -0.002674988478984192 0.006942295029346597 0.0047719774015934704
-1.861986417484219 -2.351496873485493 -0.37382461652343163 0.007665045655158262 -0.0015973904871376939 -0.0047690290897400844
-3.3827158926812895 -0.6354019562923812 -0.39823453800737424 0.004064980270937156 -0.00820613495117763 -5.757646771275426e-5
-0.08148646603384435 2.8895525519238086 1.208641673359268 -0.009700505496471362 0.00021366814657521743 -0.000241981249000861
2.59203567258768 1.3864965893823717 0.06655017795672014 -0.004042663802657233 0.008642598485302504 0.004122190202532781
-2.526937270319536 0.09509891894390174 0.6853777875171569 -0.0009557905778168113 -0.009906621671511125 -0.004325932513886816
1.2177605143422707 -2.125645618199801 -0.5859560156958786 0.008518908727807183 0.0073670122080154755 0.0003436220580774479
0.7698099314436889 -2.3981187757547433 -1.0561982325610597 0.00897134871050424 0.0030236437300796225 0.0010334805466840232
0.3255583245949537 2.473305919759344 1.247649454378032 -0.01062826762379946 0.0018978408503837686 0.00030300736436561325
0.9376266890100381 2.9768768738283296 1.343820525650719 -0.007990507702351017 0.0010410012338845122 0.0027992581650657603
2.7762316662292577 -1.302702991385521 0.9520696850159488 0.0010848080461778528 0.008669272373275545 0.003876736305346134
1.944051587602551 0.44700653765249604 0.6011103202486757 -0.00427696350739208 0.010759032874307631 0.006146074849779369
-2.157121033653348 -0.6310868905911268 -0.08781540080806118 0.0016700917506676325 -0.011395045968116404 -0.004076077314896557
1.9564574303323543 -1.1433159400529627 0.062381090442660596 0.007470984473706599 0.008910453727959528 0.0007400499781678951
1.9435879588139946 -0.7467768456503933 -0.14070133380573346 0.006257657826505275 0.010909234235603478 0.003260721326352983
2.5832378751153917 1.0240754811252126 0.3924901659985605 -0.004646472817272294 0.009663438925881389 0.0011250949522355728
-2.1895378885405834 -0.5919515596734461 -0.34810740925042066 0.006071179632460977 -0.009819699147695909 -0.003409166849645134
2.411199218593111 -1.3136629249276794 -0.9842459484048478 0.005212061132822515 0.007292595602635923 0.0038391402182807494
0.7122049811864554 2.807627659171043 0.7058994290189302 -0.009696032597554851 0.003158580191793979 0.0008373493134303523
-2.017546743718529 2.0548400570445584 1.2470611552322455 -0.0054684711706020316 -0.0068993998155166296 -0.0016623063341554914
0.6612208014012869 -2.4650023041774634 -0.9741277418775418 0.00885750557856761 -0.00023725783938295615 0.003072585016895371
2.161585382309398 -1.8636730132148538 -0.9426985601799777 0.0074264240967964815 0.007001719640207581 0.0006328048576116114
-2.8130454668642955 -1.727272073894649 -0.6776508794782703 0.0053571571831412725 -0.006077146036472349 -0.0020398288159034837
-0.08962790292944409 -2.5146498778338966 -1.4440796476750288 0.01028744335238979 9.549269693025629e-5 0.0001762996791033699
-3.249095947192135 -0.3914432058280757 0.1438208522320272 0.0012712638315904858 -0.007415922285160049 -0.004274420953508685
2.3126516950875455 -0.45865608974857913 -0.6340774945224957 0.0004963177257776095 0.010554196569579658 0.004443545822866181
0.732662900223198 -2.4827508472679285 -1.7578653145833933 0.009402911098404921 0.0026806942882571807 -0.0001051274826312001
-2.3252904156717267 -1.0834305028471634 -1.3345296326656457 0.006197268380756656 -0.006536077841336874 -0.002872214787921484
2.3258808629670993 -1.6954029934929116 -0.8331709781965527 0.00456211217108606 0.008650603612207612 0.0016750377085295919
-3.812226231070615 -0.3566202147221414 0.6404374912266905 0.0002512486993105365 -0.00824111437491272 -0.0011464223920564045
0.4773809898475054 -2.2960095527698634 -1.5609335845368333 0.009458420664163308 0.0016103845426483703 0.0016649185371722449
1.5783851201543555 -1.962934155998498 -1.29851330942535 0.007206895130037141 0.006643460725490293 0.0021370119673054765
-2.4273491580192377 1.4534277673710967 0.5587407425157612 -0.005857087787734101 -0.006858136826669602 -0.002652743936440925
3.459485504522123 -1.373543930835014 -0.7386422977067533 0.003915488866243236 0.007570915349836059 0.0025571850936197548
3.687345222319352 -0.12673668645248265 0.30227570821844973 -0.00014093507007862955 0.006727634541985654 0.004534241377800477
-1.0193763600402057 -1.974190743215027 -0.7587587414275977 0.011526736238768593 -0.002872433496525672 -0.0018522582747523678
-3.0502719680258075 0.20231888483876032 1.2035615552044678 -0.0027879153371997787 -0.007941586256257934 -0.0029772741075417453
0.7863080546292174 -3.1355976053906254 -1.2740249004482935 0.0081349937171405 0.002158688860928808 0.0015136020997221136
-2.429752404020734 -1.8192533220568425 -1.04761317191279 0.0066420766073731876 -0.006296599148950297 -0.0020443425577526936
-1.4815747328177622 -1.7084204240710137 -0.6101677615900504 0.008803711149905061 -0.005924299480010136 -0.0032391921038018353
-1.8466921160945178 1.4759287870116706 0.4634756754795334 -0.007274808367222248 -0.00864865524034581 -0.002861967187926285
2.596650726847815 1.1034358338637562 0.6693543295233916 -0.004534854263012425 0.008619454702809526 0.003391202051456809
2.7617844871632427 -1.3404748964539854 -0.6517123952193855 0.0036149355729751943 0.008054680309330892 0.0019147455035793156
2.6992058725905883 -0.8333218235057883 -1.0325118084306764 0.0039019762406313024 0.005993917765516443 0.006626446929183545
2.025674952726863 1.498421968750047 1.324732715479455 -0.008007033995745592 0.005525843575020583 0.004176781585431671
0.8582238366422833 2.5922257188950844 1.2693959546807685 -0.00882056408211536 0.004429887443686821 0.002405362699200492
2.142213130095907 1.6514546769073828 1.0370947398492187 -0.007097800693958684 0.0067336427046396415 0.0036323782045150324
1.9797870462324034 -2.5909160492332783 -1.0604679015195189 0.006973690900945957 0.005182486583022597 0.0012347323789580573
0.7197790593921432 2.881135288587499 1.9277213993721398 -0.007137285102670626 0.0012966164192421978 0.004447238328606116
-2.7044667781859495 0.8211357816823417 0.9747564149899385 -0.0026827619369741997 -0.007754808360176515 -0.0042308610791707045
-2.3359214808617463 1.5305438051038296 1.0715371229417123 -0.005278395278059366 -0.006668605450509106 -0.002138198493769681
-0.2421815080281855 1.85714299440604 0.8430589268875638 -0.012747665796890045 -0.00021413728573626685 -0.0007483714103052618
1.1387843863829197 2.29647409257589 0.11386213403712206 -0.008199514280764483 0.006855760490011133 0.001641054022049531
-1.3125926646907342 -2.944245140152806 -1.212289274183989 0.00811185474417246 -0.0030816929563256845 0.0007690309671009159
-1.2535860907553702 -2.0915881726339856 -2.3509025387516953 0.007813293962396608 -0.0016333012652637161 -0.001860907659221005
-1.709676620936625 2.540643512330063 0.8683771284222511 -0.0074437345782030085 -0.003999607687257196 -0.005147257281177248
-1.4912046725289987 -2.5973192774349414 -1.6213564570006331 0.007154700065800701 -0.003420116954600955 -0.0019991558850133355
-0.66416655804754 -1.9367434578210696 -0.7672020996861945 0.011581362902947409 -0.0053860522181586904 1.4686952009385417e-5
-2.702121092375955 -1.141255200941904 -0.668824647326075 0.004889383759294238 -0.007665697219015654 -0.004546809689232035
-2.104179296936932 0.6847113961080784 0.18865317163289347 -0.0036061835854845964 -0.011063301330996448 -0.002613597682227172
0.002674851508014972 -2.0121098628721152 -0.8928936142300554 0.012031885098364356 0.0017415686770241284 7.659916098386279e-5
1.9098610204121644 -1.2226083639638519 -2.073218964235703 0.006830630744142713 0.006789020631287616 0.000993708562138018
0.2711559192366142 -2.004695979297078 -1.1452614727584656 0.010705791995676553 0.0033839186970507453 0.002370045102873386
-1.5023030314748849 1.277736172357027 0.9824153415020819 -0.008744652433053448 -0.006901653450405144 -0.005889442612685554
2.409239757777648 0.4932854926571936 0.2169790429197474 -0.003477097879882304 0.009561391248448133 0.004591203208761314
-0.5625653791222128 -2.110934074422032 -1.1715798404507944 0.010895302507116055 -0.0028718170680404023 0.0008172731980907298
3.0737401286820374 1.0911063058825248 0.36730451424375987 -0.004390627172771933 0.006832410306356457 0.004003029792345339
-1.8842253812612881 1.6266246510600861 0.9585690776315773 -0.0061439034267984785 -0.007851808927521907 -0.00488539838201779
1.377208072597105 -2.3638540427216097 -1.318241883100584 0.0085848862646912 0.001650092744542891 0.003990795906562524
-1.4181874489378552 -2.194364747894571 -0.7551226562722406 0.009770056440833874 -0.0015436723902889525 -0.0030166954647349517
-0.359598843536174 2.3627398635477963 1.8552962729827986 -0.009527684192019067 0.000386212420510829 -0.00036836784278467606
2.176471162683799 -2.5113862300558303 0.2215287462639847 0.006540305886118032 0.006038387421280687 0.0017826408591162435
2.948558539488084 -0.4007317457788175 -0.8306857115353493 0.003054765368704642 0.007507922516548488 0.005750445917413982
2.388999188678488 0.743538783754266 -0.08349419077085246 -0.0030792317670475873 0.00988961845336685 0.004733820408935223
-1.6561732378261147 -2.3473535682534967 -1.1563623537994585 0.00731770257803325 -0.004550819074116256 -0.0023241855968060077
2.580460454332524 2.36404378266574 0.36103974240206493 -0.00580821476932419 0.0062307866944930875 0.001042312423951573
-3.3773011865041314 -1.6018318597804857 -0.3936584421256124 0.003216149969222094 -0.0065338553552317545 -0.003160330992740663
-2.698267427973745 -1.8369586467248653 -1.7923839721208628 0.006143256725482995 -0.004497183352600941 -0.0024217555531820395
-2.2577057913269085 1.6799182754293225 0.5301244829481938 -0.006383660625919833 -0.006601877300726174 -0.005385384508540503
-2.1082275284097602 -0.8468914838205555 -0.1335467525282301 0.005556400351967346 -0.009703704909010378 -0.004035698864739975
-0.5197344627113868 2.684043938887288 1.3600796556461647 -0.009748200826393457 0.0003894957720679624 -0.0010661138474044143
-0.8286768854207444 1.9671194139524741 0.5855770020749329 -0.011558737432676144 -0.0021272508523804746 0.00048099102690233014
-1.4478488351489536 -2.2884649912267787 -2.00123103711201 0.007378283587897503 -0.0047541526960904815 -0.0013844583025340558
1.5099874875586081 2.788582858667813 1.4191746585953826 -0.007184448324505374 0.004077671593607016 0.002941652376957486
-2.887981783653054 -0.22047488584602315 -0.34340797254970457 0.0013810524161399656 -0.009094419959334578 -0.0027827395647997254
-3.0609643463146523 -0.3106918321932118 0.12300787509485533 -0.0006216503142501213 -0.008144752751927867 -0.005672164132190574
2.69155694986202 0.04849728728902526 0.6318285690848595 -0.0008200360421573558 0.008447865988509965 0.006147276678335034
0.7521617669329507 -2.1493189956861753 -1.3458602860966598 0.010835568394574495 0.0025102405963646295 0.0027406193824598673
0.27472219168407097 -1.752631457883902 -0.5569627367294231 0.013383087795739013 0.0025065203725618277 0.0025562808608253704
3.5327584818033104 0.3997030727741304 -0.6056887258300565 -0.0010330405581006183 0.007456948502613877 0.0036193800709860544
0.6662795810742658 -2.6889439211995407 -1.5181383462834839 0.008496572390937918 0.001391099359430413 -0.0008538579422720197
1.439255038602273 1.8132314511990921 1.2985260848858076 -0.007193759125420807 0.003485785515827906 0.005546797279438224
0.5397259523589982 -2.616565022823494 -0.9924093292832707 0.010032788100253617 0.0005114198612110527 -0.0004497384779085216
-2.3441198553416127 -1.5182298909380618 -0.7883769476635574 0.005704568644153498 -0.00718624484147974 -0.003518147118900561
-1.6577085631449173 -2.4823045408126485 -1.0433612946439905 0.007932815007140215 -0.004375928242100326 0.00036878437220061883
2.5456171013676823 -0.7805764984036805 -0.5137970092991038 0.0035751078271155853 0.010082324344228476 0.0022369987564602404
-2.404173232381991 0.9971297141606867 0.9193656538302237 -0.007053742650650634 -0.007354599737274667 -0.0017526549771007581
0.9313786066135115 -1.929028477658555 -1.2488338238676435 0.00908783288685617 0.006317774190056552 0.0003701953720437247
-3.24946480118336 -0.8690391711923872 0.39808593652049423 0.0018597369382303678 -0.008556918217388116 -0.0021646714216824567
1.3259815250581977 -1.8707904108168625 -0.4309650169196956 0.00880787557284568 0.0062966286467770385 0.003462463147618437
-2.929396665482812 -0.4866114989228501 -0.5026190074090048 0.0012666682938017022 -0.00821600218584334 -0.004470825697631742
-2.423385042524094 -1.9894845640520864 -0.27362249672429834 0.00604919955477913 -0.006788164956343266 -0.0019574766416167212
1.5258229356398627 2.1174271131314484 0.6786031628301494 -0.009292987042651645 0.004365215383460234 0.0017020358036726544
-2.6363033274272873 1.7531219670643303 0.3538707092674571 -0.006005105621229184 -0.007276698165688804 -0.0016751078585686466
-1.4780532513780107 -2.357054169523584 -2.125769558533776 0.007515703050474058 -0.0017521293637081333 -0.0014848104959335434
-2.4718942547243254 0.9471019890897932 0.6173875192246406 -0.005564190414546289 -0.009634821958517984 -0.0002766415970435044
-2.813310496205252 -2.3407362695065994 -0.48073302696696807 0.005557681536116607 -0.006080171438191992 0.0005237563709970447
0.09328343539084968 -1.8304725048823531 -1.9873422753926626 0.009732427937839357 0.0009093072460986787 0.0029460547860415383
1.8404507792063165 -1.784263345034472 -0.5343592601615127 0.005773970020224095 0.00918400581448978 -0.0010951722967491903
-2.517418348780377 0.39233918082581637 0.3157825421845417 -0.001227502903882895 -0.009807802093248032 -0.004704594541107885
1.8869103017556648 -0.34476584321584025 -0.1404210620490805 0.0013470325714857448 0.01300440117616248 0.004885212453235246
0.7341358757171118 3.091953352712156 2.1407483789172477 -0.007547417796422037 0.0007897971302117305 0.0010746155828745222
0.5753501572392643 -2.8539068252747444 -1.0628864865584553 0.008468313059401452 0.002426534333480756 0.002565885938594815
0.7419957251780906 -2.4369754784051465 -1.2680513289726685 0.010265997541468069 0.0024093124199050906 -0.0018626967358161604
-2.4850033882538636 -1.0097489418811654 -0.8382219398207141 0.004613287215365027 -0.008093641914073692 -0.0034403013686328384
-1.1879351088709145 -1.7509392015459349 -0.5099949625179703 0.012103185262282209 -0.004362308615579035 0.0009130288609834373
-0.16463529737867386 2.402628350586555 1.7696136964941598 -0.009658644274375735 0.0014187347903343787 -0.0009191656078560265
-0.5884594940629987 2.471570299960665 1.1323670459219672 -0.009863347641607545 0.0011240841699286727 -0.002449062038162541
-2.7494585422636706 0.12976237085189393 0.1852964349905738 -0.0011323751909611917 -0.010084943050324632 -0.004220758177195053
-2.2082910690391815 -1.6414268426767697 -0.8764143974016542 0.007966410729161471 -0.005588528927922531 0.0004506191912093412
2.5994030140920317 -0.1755307950139069 -0.6879332891188462 0.004109598612344681 0.008832623582687993 0.004236751314899175
2.922581792307645 0.5005935523870619 -0.031517806120851734 -0.002337426264764073 0.009996491606155978 0.0008561257716342541
2.5843149816474904 -1.0346966194463052 -0.6341238390462252 0.0036603248637357053 0.00990226217427122 0.0006200989233782485
1.1130646562343596 -1.9022798487584935 -0.8402823085294951 0.00911279915799035 0.0058174447862957305 0.002968895875636736
-2.5747363244607286 0.2990371066747428 0.2292290814739177 0.0003215818719193261 -0.009836338126214051 -0.0034210732367503573
2.6594757981617536 -0.5602587504541232 -0.8592703301879998 0.0030134523763933356 0.00919976795147287 0.002496343742286541
0.6550416578131104 -2.012743556875317 -1.0245387017171517 0.011306298226023276 0.0023410703404371153 -0.0020980836724090756
-2.1113694089527546 0.8986586089659425 1.0282665739088868 -0.0070757398423928215 -0.008552079288823204 -0.0033943604655051938
-2.0741906444907916 -2.720678782897654 -0.9858767671708983 0.007931730020191218 -0.004039530777983333 -0.0001951388822590901
2.0727786809549387 1.4416288918264222 2.0173972264282067 -0.006268871181675315 0.005506506250658594 0.002388326817112998
1.6722272807550873 1.7061503953761756 0.6470234932116955 -0.008295897973291987 0.007483931630280812 0.001869255742664621
-1.5676042048259669 -3.180809653504687 -0.5799843711854635 0.006574300859613319 -0.002650699052737823 -0.004458230464339055
-0.31015234630381255 2.487763567503648 1.2812673822430398 -0.010036414711289856 -0.0007053296618668 0.0006307712570862666
2.570139288731309 1.3432571408527008 0.5470126623742577 -0.006029184080183702 0.007417729831470282 0.0035850284469609254
-2.0277100702609396 2.097051177885896 1.7400038844930779 -0.007717768418568791 -0.0035420658024062743 -0.0026633422123337903
2.701223180138382 0.749671560678343 0.011208707351824911 -0.0013671567789345464 0.009982134568613587 0.003666341440656334
-0.5454346904402536 -2.4897881855925745 -1.0585582581928699 0.009333262798142315 -0.0029232661867255043 -0.0018289350831726854
2.759096445311436 -0.12585764731933693 0.27575740348474836 -0.001593799967863049 0.009115016660656828 0.004350264811236166
1.320297138951475 -2.1424949033879965 -1.2070937618555666 0.008278922132604475 0.005385462910550669 0.002379705168438845
-2.9013475602782828 -0.9733610682566949 0.12331497770534192 0.003886406531200345 -0.00732276656510177 -0.003677657189556774
-1.230531826315984 2.421036038217827 0.7736636565350697 -0.009707115033107073 -0.0017035036325238509 -0.0010650351877192219
-2.6809857435224265 -2.183331455171172 -0.3305697646218311 0.005499213692360437 -0.006311787706776592 -0.002944446818797089
1.547588953381266 -0.8586119699470488 -0.3646633950108652 0.00663410820953924 0.010396566619657491 0.007011663225879645
1.2329092864310647 -2.141494912845405 -1.0111407940691324 0.009866277925157676 0.005171180728621758 0.0019234625390984917
-1.537169920189681 1.596478295270934 0.28811323982998854 -0.008834368138422106 -0.007208948930388902 -0.00280861890201329
-1.9941045756706024 2.8210079137279664 1.0854137827859531 -0.0071707446401864956 -0.004064931912210548 0.0007070243873532517
-1.1332170755072686 2.1747803944939097 0.7977145113017269 -0.010591078412815917 -0.0036070771742909595 -0.001216786636898341
1.6348065962632443 -2.7736853977820015 -0.1893163718191108 0.008293950576159592 0.003136894032946579 0.0028432005375705234
3.1363808880267605 -0.9136590794588684 -0.24384936415722863 0.004286289630166153 0.006842998221738752 0.004569423009648918
2.775651832236244 0.1162201660118278 0.2259622898717123 -0.00042413397038307054 0.009311158345832073 0.0032197049629163975
0.0280830078975477 -2.931292512055923 -0.9925673123024438 0.009528252132860588 -0.0004354530860257973 -0.0018667703036957394
-2.570358709140388 -1.0467707827507873 -0.2851786025250273 0.0036288919949901237 -0.008934777757942363 -0.003456082731878779
-1.397662734550052 -1.9137349182186059 -0.7112778201446669 0.009603268060503415 -0.004331945248530927 -0.00034632148879925283
-1.6303164393220597 -1.6288687808402116 -0.32277605293708006 0.00661589197545152 -0.009114146899967932 -0.0019826289170834406
-1.1653921257756994 -2.316456071567081 -1.603230575001023 0.009437706178931696 -0.00300825694889728 -0.001543235304705815
-2.2608552955857606 -1.897490191824736 -2.1411022694189192 0.006580516591948497 -0.005173246058044897 -0.00047134203418750957
-1.582511331320088 2.456132551978631 0.670567967189802 -0.008905867731360649 -0.0033452014192303955 -0.001081013062489306
-1.540452728198586 -1.6310243617358025 -1.2528010032765504 0.008803430602472014 -0.006070235682564057 -0.003099414061922682
2.130216584207556 -2.010805872471817 -1.1413555947450837 0.005980822249237672 0.006165589827046869 0.0023617309473285874
2.495451676729483 -0.5327675548138305 0.2706103900348759 -0.0005300178554920989 0.010160908966999217 0.005739116819313001
-0.759425602183943 -2.114341229178375 -2.1273527416973863 0.00988066179009111 -0.0024302079014625363 0.0005979455577054725
-2.886341461181674 -0.9991613047401777 -0.3109466822116386 0.0018351370512049933 -0.008187888649064865 -0.0034644815087453624
-2.4951561647763 0.08116000964205002 -0.12367487060907406 -9.548529347084148e-5 -0.009284006888173085 -0.006894651689538803
2.2596909640037026 1.2039915418333231 0.5323699227953856 -0.005318649330766581 0.007585089581845791 0.00424984447168274
-1.6802364261909961 2.2534179180598457 0.9738387375489178 -0.009299088561814614 -0.003991885531151523 -0.0013080222162951708
-2.06161204386757 1.9795007468125592 0.7446862275220016 -0.008559301903933997 -0.005067371432432501 -0.0027468144297670555
-2.945639840209991 -1.220990638588519 -0.7150424164766462 0.0019525415731997085 -0.007048429781657365 -0.004304021200466034
-0.09776231980233109 2.926358405737052 1.0377366502074268 -0.00924222597211834 0.0003144914249680673 -0.0031284995062615998
2.365751012022833 2.016135307109032 0.9886288799877371 -0.004626058428228794 0.008127606285187303 0.0002544774565802109
-1.932456466066903 -2.6661144663630987 -0.44581855513225915 0.0062424402460875255 -0.0051289057180517435 -0.0015770141263743733
1.9139656542799999 -1.7651940253372276 -0.9300173706318176 0.006911198335973683 0.006774908246031782 0.003404161740138387
1.937818605346185 1.0037651357796509 0.6014632364353336 -0.007121526533853185 0.008784285274731848 0.005363512140045092
-2.493248337485755 1.7872664526711266 0.6868025062681952 -0.005777119834519369 -0.0064146000585163085 -0.0018634040515702198
1.037794875989329 -1.7158569363736662 -0.630842935984644 0.011281735363715479 0.006625221271860381 -0.0014829914847384123
-2.825885588497769 -0.43758387660131903 0.04051159039370177 0.0019489090335961508 -0.009112200569668162 -0.0033642527956384673
2.6107584506601467 0.07109687156807173 -0.6029753893279928 0.0038903997718517792 0.008836416949807394 0.0057468577651404625
2.913572862039723 -1.5790230635952902 -0.9638357191755665 0.003889929100365867 0.007559179169231264 0.0024039259864435843
-0.8697872627555923 -2.143578912199833 -0.6792356373079358 0.011215347277562442 -0.002821928078392399 -0.002216260211483863
-1.054495218328224 -1.8016355448498904 -0.8777281879535778 0.011355801696979547 -0.0031006615713247685 -0.0013501340886028295
-3.159565759511559 0.18845049166321717 0.8779898090354844 -0.002126373466109293 -0.008263063122681491 -0.0031047959782391165
-2.2741594467941346 0.1382585804621122 0.04476805278933354 -0.002280557003978445 -0.010610909363549087 -0.004476088465188684
2.5375296118506303 0.7053135634911298 0.4407688865478204 -0.0032191717000913263 0.00995281798718296 0.0022141601920316156
2.7193635962132157 -2.3138774099792174 -0.5519119926296514 0.004368642075830873 0.007128278398567519 -0.0008021487205713146
0.3455287728325331 -2.2698451619537017 -0.846748681268566 0.011315204917303104 0.0011317283701576654 0.0005137023635480342
-2.223619452714886 -0.8739092194857501 -0.23358237899966403 0.002140761279415637 -0.010254946659671043 -0.0035777670994136456
-0.423873429524354 2.372022296462097 0.5886908160408438 -0.011085619040447164 5.9177207051846825e-5 -0.0035798183178380634
-3.271762135044856 0.6569039044612079 1.2917115657226697 -0.003360838828257244 -0.005865000178854117 -0.0033944567412514644
2.8029042479766324 0.22043440600091507 -0.008761127923992418 -0.0006718995960966238 0.009457962334368781 0.003209690777464287
-0.3638189815994957 -2.503631022423794 -1.5455222423996273 0.008933927926019032 -0.00255726121820823 -0.0008473094767239813
-0.24435896019908376 2.3857842078688094 1.4024414637618414 -0.010423040978777883 -0.0010436729791688784 -0.00042485876282683194
-1.0604804503681518 -2.5077639725194407 -0.9195666673104494 0.008843138814046957 -0.002623850332649246 -0.0005789579666392526
-3.13444485820205 1.2094837932938287 0.01520214920927414 -0.0038631810946347183 -0.006730921187122606 -0.003151587767098721
-0.5148817132558094 2.0834534426367854 1.2717291080672233 -0.010862278044113383 -0.002030452210905251 -0.00038178461413536076
-2.5813662741571894 1.5857938899603006 1.0963443841757619 -0.0060438987679301195 -0.006328188468545638 -0.0013188071245328265
0.029434886314252708 2.3234346604172647 0.7865799578890815 -0.010434081601225796 0.0011648683305239534 -9.916827181626378e-5
-0.3712139596158978 2.453155303378095 0.4547295499987204 -0.011340113764596567 -0.0002108056457975847 -0.00028820172935290216
2.8333254581471157 -0.15674110856656986 -0.27791158666826027 0.0015960164059549912 0.008440241708013056 0.004526519280717649
1.2148937302052398 1.5142737840175684 0.12298601162663016 -0.010092009851443443 0.008199303189298278 0.005075746683444191
-0.5147911491172212 2.373690551026499 1.0437567230276992 -0.011281282867463393 0.00021574203689763991 -0.0005634580543334209
-2.3756038991219968 -1.8180466902736747 -0.3736114661247833 0.005178021491489875 -0.007076885830548485 -0.003665179486916242
2.5948706204155325 -0.3635332018182098 -0.7525639008293782 0.004545990656049344 0.008024202831310768 0.00450168897363387
-0.23407068319208718 2.3581698391045074 0.9930147122992599 -0.009742203098103709 -0.00038633673069461477 -0.0008055522259299885
1.558567399515086 -1.8440831652153067 -1.025660387947315 0.00841306797494691 0.00606824088520051 0.001616522141439202
0.8477761121526064 2.485028661016544 0.4138786079247451 -0.00818984040871576 0.005495757773554169 -0.0012321768766583832
-1.3623353365257884 -2.0644442542187234 0.04980992835218561 0.008476147910456427 -0.007089904155175174 -0.0031316163287518394
1.9288432518015344 -1.4700463629011717 -0.9188510473673934 0.006865769965579984 0.007941423396475395 0.0031453444423403605
3.0206361548776806 -0.17530189347874342 0.30264976756069284 0.0021127380147549506 0.007175506539672813 0.005251916965514037
1.948501192112432 0.6332525325982497 -0.043279964025773277 -0.0013219846936678972 0.0107398086708462 0.007984747141095639
-2.203807978685078 -1.3542242872566919 0.00941692463077641 0.007029840751177137 -0.007344387800255247 -0.0017992304687381748
-0.4735228730351079 -2.676838215821669 -1.2936856039280005 0.008851014311061334 -0.0029518940313423654 -0.0016498668064301755
-2.200015151933915 -0.9293010292047983 -0.6198758964550328 0.006003618781602602 -0.009572171921719788 -0.004167172257479187
-2.7125483290155263 2.3896178801514494 -0.6824104197228662 -0.00613559855711069 -0.003004041314680094 -0.0017397960187960334
1.8653348555412903 1.4776347684627271 0.7435303067529176 -0.007930255665530555 0.00782648015507822 0.004268919552795713
-3.3674144143689606 -0.8471444161956339 -0.24933140315371558 0.0033821863357344677 -0.00738408509521012 -0.0031769797643407
-3.4076029233513987 0.37827305642793696 0.3153888420572564 -0.002778208015952739 -0.007889987719213624 -0.0030182441095027122
1.8012213115229256 -2.2851706590895846 -0.9006510413655593 0.006522385860338311 0.00596752431861943 0.0017198965835792527
-2.2570071140800074 -0.6788067679274205 -0.6664680830331055 0.003971318997873017 -0.00985510650326056 -0.00403215643447027
1.2169743184950366 -1.9156022801873067 -1.1018985532734065 0.008028078678182157 0.007797257219436322 0.0014235257624800792
0.23417785123084878 -2.8537455593494396 -1.272776111117938 0.008753444037907924 0.0008626237411731707 0.0005701766496036549
-0.1771336688218194 2.3791234284182994 1.615135875632543 -0.010124992698570742 -0.001730410577573629 -0.002446685838699381
1.929077685127925 0.919848036999224 0.49759335291850726 -0.004812908606581285 0.01009585680228841 0.004682439575278598
-2.8287447060812676 -0.002270294868287108 0.6856716148829409 -0.0009781118483879673 -0.008913709791570952 -0.0034381565965931862
-0.22453228332954786 -1.897495376213409 -0.7173549585360192 0.012507276318362806 -0.0015942286114786087 0.0004935986484002072
2.267176001076525 -0.3373155764879932 -0.08754091313642338 0.0030278456879993657 0.009718825792175641 0.005476320096595133
-2.213310754802275 -0.02912354004834678 0.16452769085843316 0.00038333901588113697 -0.011221940809768287 -0.003925534439393876
1.402441345191311 -1.7341184609474083 -0.775154267529602 0.007396357054307002 0.006584921679535975 0.005288402563391001
-2.2688845003190385 -2.7103793322405965 -0.6342443128721952 0.005376309345773895 -0.005005871237804459 -0.0023209965061826193
-2.256110767834906 -1.6395697493593813 -1.0251872818085204 0.00636713113163202 -0.0071189996383775635 -0.00265514983948988
1.0476332719842898 2.2821524249302834 0.29500298444014533 -0.009729565006799213 0.004344491704233774 0.000640581464301578
-1.0787333093107754 -2.345843294591979 -0.8645539250777141 0.008382984542424135 -0.0046483906673625425 -0.0015696150619391766
-1.818883125193483 -2.2187190605664258 -0.5567321564685698 0.005704246614455948 -0.00598324557251706 -0.005015073850496449
2.495389307812575 -0.14844044267818202 -0.3501249751355426 0.0004214837405024192 0.00974749918654567 0.004278218697729659
-2.7027725813194037 -0.9991090026759257 -0.48109176475081994 0.0028016968272097246 -0.008274088443398525 -0.0040156664315512125
-2.328801182368167 0.19391766272532315 0.3099235865240435 -0.0010153361580072496 -0.01080989422994411 -0.0028776889640913304
-2.972127346286864 0.05694554043846279 -0.47688758970771933 -0.0016511329482135513 -0.008204995854705832 -0.005888478651293707
-2.1301229533106403 0.4023152331225615 0.26422491473352755 -0.003925561739853507 -0.010891948342694307 -0.003973254949518349
-2.9562108845116666 -1.565413950542998 -0.7398837292925773 0.004292729985932774 -0.006305451678954456 -0.0028895038439823283
-3.1208722142230823 1.3781573118547032 0.7450956014396295 -0.003720151071393539 -0.005903820335859801 -0.0032018573607138392
1.5720129012665185 -1.255580113707914 -0.641954395442596 0.008011789711065991 0.00769996250002537 0.005647533302296849
-0.6992788612329875 -1.7724559549612606 -0.867885637504006 0.011343187771119511 -0.004186751599718944 0.004112513037644532
2.3574849435967007 -0.9291371938619397 -0.48713428736902625 0.004754446247301228 0.008444013210817253 0.004792930992027294
2.7411478102178233 -1.2182120483300662 -0.053069212571986005 0.0022885023713684685 0.00899840476227938 0.0017129132154426574
0.4299443994107792 1.7191188786447706 1.0500057338898312 -0.012539047451006482 0.0020076522300680943 0.001066349280104224
1.8406646849690227 -1.9912972882766207 -0.8417340090773844 0.007119238728947567 0.005670804635909286 0.0033598063325463922
-1.8054545524633416 -2.7364273446451595 -0.4584867211827899 0.007703393581032601 -0.0036422521677704177 7.272238276413186e-5
2.311623172685432 -0.44356769164168963 -0.5070082426948627 0.00111348309510846 0.009758167059726708 0.005207909577384794
-0.8953050883354975 -1.9229491583861598 -0.6549283885342367 0.010620281142319445 -0.004807241427498 -0.0026430888595202822
-1.7404723235588313 -1.4788664456802931 -0.27443890050297454 0.006450777508892478 -0.008643780341185767 -0.00536105324043983
1.556274031909071 -1.0739202800615555 -0.19775570478174484 0.005892197798501715 0.010551546264314206 0.006303804839555076
1.608753858575072 0.8918844585634864 0.6707614334563808 -0.006020162950548397 0.011390936652550386 0.003814944227235078
2.689710660312083 -1.2934621505211983 -0.5897523132979109 0.005396214910541199 0.005769710937957077 0.0046140638587570835
0.749765208702082 2.4401917101816983 0.8922536928313638 -0.008974163504861183 0.00199956171251196 0.0029834129481514735
-2.349937329719992 0.6992927922832048 -0.0968851992711959 -0.003568337967413378 -0.00842610873327529 -0.0061592439005452885
-0.40737861955335325 -2.294433513078737 -0.9524584846315113 0.00845078636640187 -0.006903202993214798 0.0017789427331621436
1.1661343884343298 1.9874196881827948 0.5664952129544852 -0.010429384251945126 0.004098516498735389 0.0011548905830773832
-1.2041485200370792 -0.4183431617620386 -0.45315453149342705 0.0036002783943806975 -0.013289729755580054 -0.006903019885088416
