Spice ID                    GM [au^3/day^2]             x [au]                      y [au]                      z [au]                      vx [au/day]                 vy [au/day]                 vz [au/day]                 
10                          +2.9591220828559109E-04     +4.5025087846405545E-03     +7.6707642709100709E-04     +2.6605791776697764E-04     -3.5174953607552323E-07     +5.1776264098334065E-06     +2.2291021789120296E-06     
199                         +4.9124804503647600E-11     +3.6176271656028197E-01     -9.0781972156766005E-02     -8.5714972562751165E-02     +3.3674939720057607E-03     +2.4894520557683434E-02     +1.2946300409704091E-02     
299                         +7.2434523326441197E-10     +6.1275194083507212E-01     -3.4836536903362220E-01     -1.9527828667594380E-01     +1.0952068423528236E-02     +1.5617684267867679E-02     +6.3311057029778652E-03     
399                         +8.8876924451256342E-10     +1.2052723392839890E-01     -9.2581423884942249E-01     -4.0152701557629800E-01     +1.6803964778078287E-02     +1.7503437910179641E-03     +7.5924252739253820E-04     
301                         +1.0931894507423740E-11     +1.1971905657692072E-01     -9.2780886883491942E-01     -4.0261427825936869E-01     +1.7405049593692511E-02     +1.5828983218603139E-03     +6.7368038599158935E-04     
4                           +9.5495486955507705E-11     -1.1018607714879823E-01     -1.3275994503029831E+00     -6.0588914048429143E-01     +1.4481653057047565E-02     +2.4246307683646837E-04     -2.8152072792433881E-04     
5                           +2.8253458408338699E-07     -5.3797067685539375E+00     -8.3048132656339779E-01     -2.2482887442656546E-01     +1.0920125942373378E-03     -6.5181166128073830E-03     -2.8207827622986786E-03     
6                           +8.4597060732450306E-08     +7.8943906829095312E+00     +4.5964780551712732E+00     +1.5586958428319002E+00     -3.2175565165009157E-03     +4.3358103417466248E-03     +1.9286463168601555E-03     
7                           +1.2920248257829600E-08     -1.8265402253872359E+01     -1.1619554186758700E+00     -2.5010605772133804E-01     +2.2119039101561473E-04     -3.7624750081088438E-03     -1.6510150274299501E-03     
8                           +1.5243573478851101E-08     -1.6055035780233368E+01     -2.3942191559854709E+01     -9.4001579688023948E+00     +2.6427698479800552E-03     -1.4983125505409777E-03     -6.7904196080291338E-04     
9                           +2.1784410519741800E-12     -3.0483313767183841E+01     -8.7240555684104992E-01     +8.9115761724995508E+00     +3.2220737349778075E-04     -3.1435763936453289E-03     -1.0779497595973131E-03     
2000001                     +1.4004765561723440E-13     +1.4431843184611104E+00     -2.2036065567623160E+00     -1.3261317954435590E+00     +8.4650543867802411E-03     +4.6894256037454413E-03     +4.6838684077465069E-04     
2000004                     +3.8547501878088103E-14     +1.8687434516205764E-01     +2.3873952877047451E+00     +9.2486212075403240E-01     -1.0174848496655332E-02     +4.6655816939785886E-05     +1.3463867363345361E-03     
2000002                     +3.1044481989387133E-14     +2.0833478124693103E-01     -3.2088523596352161E+00     +6.2410923699716037E-01     +8.5339621061151748E-03     -8.5548158371332762E-04     -3.9067289039383435E-04     
2000010                     +1.2358007872941250E-14     +2.4487600785394159E+00     +2.1813587261531189E+00     +1.1631211404487209E+00     -5.9248576691064312E-03     +5.9848640681458721E-03     +2.2886677131044413E-03     
2000031                     +6.3432804736486023E-15     -2.3400696873670692E+00     -2.2014811701563919E+00     -1.4991058665306616E+00     +4.9288748840548560E-03     -3.8897768600842397E-03     -5.7755078904812868E-03     
2000704                     +5.2561686784936620E-15     +2.4673377410487554E+00     -1.1428104516214455E-01     +7.8448534670584724E-01     -1.3099205551728977E-03     +1.0354164818839095E-02     +4.8147519912343064E-03     
2000511                     +5.1981269794574977E-15     -2.1556890527889339E+00     +1.4871301851877401E+00     +1.0972251551650969E+00     -7.3910476700153310E-03     -7.7738458784136679E-03     -4.8331167938616397E-04     
2000015                     +4.6783074183509050E-15     -1.4338951527617145E+00     +2.0020547155989323E+00     +7.6752332748386198E-01     -9.7360177641187436E-03     -2.9763571919562415E-03     -3.6918517698069022E-03     
2000003                     +3.6175383171479368E-15     +4.6570976845507267E-01     -3.0053318833536991E+00     -5.7989799137917519E-01     +8.3951065487490994E-03     +3.1170856719810410E-03     +2.7528877807216052E-04     
2000016                     +3.4115868261938121E-15     +1.4635717779974462E+00     -2.1935198846300725E+00     -8.7177936280262203E-01     +8.1935152213459938E-03     +6.3340753630282895E-03     +2.1692983086272944E-03     
2000065                     +3.1806592826525409E-15     -2.8143156776964697E+00     -1.4520188925522923E+00     -4.5928160203503099E-01     +5.4908608666016543E-03     -7.7045875599899274E-03     -2.9786788654769013E-03     
2000088                     +2.5771141273110471E-15     +3.5553748633041166E-01     +2.7268013870554837E+00     +1.2560877886558863E+00     -9.0863506959338158E-03     +2.5095431193506977E-03     +2.1936583729907129E-04     
2000048                     +2.5310917260150679E-15     -1.6156906557210311E+00     +2.3891137048964790E+00     +7.1158815766649197E-01     -8.7621465175587547E-03     -4.9697118052303658E-03     -1.5927774881183759E-03     
2000052                     +2.4767881012558671E-15     +1.6350069009082568E+00     -2.8066241991404990E+00     -1.1198454966815630E+00     +7.5455502130317067E-03     +4.3908059012145138E-03     +6.8328697831199887E-04     
2000451                     +2.2955593906374618E-15     +1.2635108127948620E+00     +2.4548083440223651E+00     +6.9074881278851852E-01     -9.0638952495967848E-03     +3.4532232926711703E-03     +4.1856495932951574E-03     
2000087                     +2.1992951735740729E-15     -3.6558603904764322E+00     -8.8475980653205377E-01     +3.1243424524101970E-01     +1.8173957153100185E-03     -7.2562934885221511E-03     -3.9805417403755115E-03     
2000007                     +2.1364344425714072E-15     +1.8969777765749409E+00     -8.4764767164804888E-01     -1.5689326112669760E-01     +2.7865985650345568E-03     +1.1319235011326881E-02     +4.9773616792585769E-03     
2000423                     +2.1124383605999520E-15     -1.8316275040573897E+00     -2.2315145515525909E+00     -7.6556326923301987E-01     +7.8405866925655068E-03     -4.7919338678956286E-03     -4.1201560588828264E-03     
2000029                     +1.9758423651245199E-15     -1.4248576479910233E-01     -2.3620298174562429E+00     -1.3398424062921244E+00     +1.0080376742556222E-02     -1.8701920090618068E-04     -3.7344304506432229E-05     
2000024                     +1.8939016675253820E-15     -1.9818243783954888E+00     +1.7138471167594103E+00     +7.8244329986232886E-01     -7.3768934079922951E-03     -7.5102182324179104E-03     -3.2893633286853363E-03     
2000013                     +1.7970048945074460E-15     +1.1149725444198375E+00     -1.9561165544825980E+00     -1.6694631190222291E+00     +8.8501327613372538E-03     +4.1733990866546222E-03     +7.9571838158160589E-04     
2000790                     +1.7558991833247000E-15     -3.3081581993118396E+00     +1.6060097488220432E-01     -1.1801275952957568E+00     +1.7999317559962813E-03     -8.6012843573919986E-03     -1.9697548128922442E-03     
2000372                     +1.7459557262705000E-15     -2.4967429707412805E+00     -1.4725895196361583E+00     -2.1860823841997927E+00     +4.4137578943226072E-03     -5.6893204619747244E-03     -4.1253448326208746E-03     
2000107                     +1.6717209917006440E-15     -2.8099798473647306E+00     -2.1248488239106589E+00     -4.6604915161773847E-01     +5.0159702415704579E-03     -7.2781031287688404E-03     -1.8316231082594751E-03     
2000354                     +1.5850986571596891E-15     -3.9609579394916067E-01     -2.8447289812783612E+00     -3.6295710928554115E-01     +9.4113099210835979E-03     -2.1643208201863901E-03     -2.2687453864771627E-03     
2000096                     +1.5465676956243251E-15     -2.1837527988842811E+00     +1.3825401275547176E+00     +5.5406605371715356E-01     -5.5769019002027149E-03     -7.2719351533355155E-03     -6.5189108717924119E-03     
2000386                     +1.5079333711965190E-15     -1.5369401281422350E+00     -2.8879248587029793E+00     -6.5812547360792964E-02     +8.2015010506760362E-03     -3.2427879791910889E-03     -8.2415091124244592E-04     
2000039                     +1.4975196825567009E-15     +2.3406964608111784E+00     +7.5976787294136616E-01     +2.2442663727290577E-02     -3.2580512632219660E-03     +1.0736827931566929E-02     +2.8747485793768693E-03     
2000324                     +1.3886265898561990E-15     +1.4032615730081821E+00     -1.2867096525812340E+00     -6.6883237074306678E-01     +7.1640114950202536E-03     +9.2251364040280507E-03     +6.8600908295864188E-03     
2000011                     +1.3315362554599750E-15     -1.2274309858290682E+00     -1.9408171425977738E+00     -6.4838607796969028E-01     +1.0146378188906390E-02     -4.3054007575318489E-03     -2.3400876838485405E-03     
2000094                     +1.2792300000000001E-15     +1.2217068302583245E+00     +2.2309808734943659E+00     +1.3494703595406310E+00     -9.4812711125742948E-03     +3.9693382336793799E-03     +2.5400239649195299E-03     
2000022                     +1.2026244434834601E-15     -1.3556673955844163E+00     -2.6717776333630172E+00     -1.1307891668951808E+00     +8.0150720494538176E-03     -2.5685377453823787E-03     -3.4674753827052106E-03     
2000120                     +1.1889849499520080E-15     +1.3543980782324831E+00     +2.5727326021036450E+00     +1.5473314230283866E+00     -8.4703178432267885E-03     +3.2873782109217454E-03     +1.5387549242560756E-03     
2000185                     +1.1355858944839220E-15     -2.7428664438375763E+00     -1.3379795933371523E+00     +4.2253398260460756E-01     +3.9776878902255649E-03     -8.1803985005235204E-03     -1.0095923483137731E-03     
2000014                     +1.1006456795750681E-15     +2.9734620615350420E+00     +1.8030168230523916E-01     -4.4122715455890060E-01     +1.1407934843380652E-04     +8.3189290202824815E-03     +3.6670471292539193E-03     
2000536                     +1.0975631032822509E-15     -2.7462641572788491E+00     -2.4382864239830706E+00     -6.1598993662767576E-01     +5.6892744348159508E-03     -4.2591355478550311E-03     -4.8554280815244653E-03     
2000009                     +1.0778410042407301E-15     -2.4201558249940405E+00     -1.2455851781553944E-01     +1.8623232569108894E-01     -1.1672661020487949E-03     -9.8401706835892517E-03     -4.5574384104012152E-03     
2000165                     +1.0684599027046931E-15     -1.9182345261699767E+00     -1.8188474260819367E+00     -1.4000649904806133E+00     +7.9590184914099162E-03     -5.9994527962198459E-03     -1.9259145198766972E-03     
2000019                     +1.0356448401311940E-15     -2.4173441243686971E+00     -1.3366645728931854E+00     -5.8113148764223366E-01     +4.7689749401283402E-03     -7.5155519821197688E-03     -2.9796536848775848E-03     
2000130                     +9.9366295459092486E-16     +8.1336840639343355E-01     -2.9302722933686383E+00     -3.9132439835905292E-01     +8.5078715631884960E-03     +4.8177464853135649E-03     -1.5461883571530274E-03     
2000128                     +9.6501295105487519E-16     -1.9461116498457223E+00     +1.8014600706890589E+00     +1.0638042640022189E+00     -7.9752524623910078E-03     -5.7202232269248036E-03     -1.7125691671268199E-03     
2000187                     +9.4193644635953110E-16     +1.5568651887897738E+00     -1.6662502097884180E+00     -1.2242400494900971E+00     +1.0026565155272777E-02     +4.0891721638113597E-03     +1.8342648836323229E-03     
2000041                     +9.3242237621988685E-16     +2.1910253156130355E+00     +2.7167679105068676E+00     +3.5234978227193914E-01     -6.3628395830227216E-03     +4.5940938812110603E-03     +6.6068969947266772E-04     
2000532                     +9.3159485940656196E-16     -2.8865689530602917E-01     -2.4809239720280400E+00     -7.2566852580497654E-01     +1.0153081182825697E-02     -2.0687251380983405E-03     -3.6321628170170334E-03     
2000085                     +9.2540854530185373E-16     +2.2007798710519593E+00     +4.1464723371434486E-01     +2.8139290167808312E-01     -1.0293925927727010E-03     +1.1985898841408776E-02     +2.5718277231101040E-03     
2000444                     +9.0708048441145045E-16     -1.1766008780690385E-01     -2.5505904227037437E+00     -6.2249334117092137E-01     +1.0779116169337126E-02     +1.1716320652408977E-03     +8.4094989753718630E-04     
2000702                     +8.8950672849270447E-16     +7.3558891797386883E-01     +2.5767860791543731E+00     +1.8409463732341855E+00     -8.6109641050344677E-03     +3.7067638448669326E-03     -1.2711678390420610E-03     
2000137                     +8.5612605995538922E-16     +2.1902350108363633E+00     -1.1443193130989011E+00     -2.2500265639352323E-02     +6.1665833340712800E-03     +1.0032718323316075E-02     +2.5247241684302510E-03     
2000471                     +8.4594307289596827E-16     -2.3613031840678040E+00     -2.5926904155071222E+00     -5.0821307194518106E-01     +5.8300700025511612E-03     -4.1464643245063401E-03     -3.6289878970854552E-03     
2000045                     +8.4256780185679339E-16     -1.2822381519828907E+00     -2.0635667509179800E+00     -5.8126789975536475E-01     +9.6238321204015487E-03     -5.4422130494652761E-03     -2.3569191813570698E-03     
2000006                     +8.3124192126733721E-16     +1.3435520045991307E+00     +1.4435426186337599E+00     +7.9539729995090722E-02     -8.7763355427947689E-03     +9.4319980987746608E-03     +3.5379452440431015E-03     
2000076                     +8.3122000000000012E-16     +2.6398632772084696E+00     +1.4386517073260257E+00     +6.1539781610997735E-01     -6.6496208759397385E-03     +7.3246920440678594E-03     +2.7808114360708207E-03     
2000154                     +8.2983887671636944E-16     -2.0701813918468588E+00     -1.7998228495499471E+00     -9.2167867826582794E-01     +6.6092262625255587E-03     -5.1712223465482411E-03     -6.3740743885788344E-03     
2000409                     +8.2144999999999987E-16     +2.6324451496042482E+00     +3.3623798733566940E-02     +4.9964493273226274E-01     -1.2149916993596933E-04     +9.8060909131263731E-03     +3.2166801486385220E-03     
2000145                     +7.5582329262288917E-16     +1.1061956029861661E+00     +2.0470455379896331E+00     +7.3379929133323651E-01     -1.0478066037842852E-02     +2.7080683738049545E-03     +3.8857541467499164E-03     
2000308                     +7.2405478852581394E-16     -1.0383844123142687E+00     -2.3318832597241035E+00     -8.1077093292846147E-01     +9.9028795975421805E-03     -3.6721795753660675E-03     -1.2372940598533463E-03     
2000121                     +7.0079069220413433E-16     +1.3387692947078755E+00     -2.5738041610417630E+00     -1.4106549645950637E+00     +8.4039953501291609E-03     +5.0757473441876430E-03     +1.2081680331189613E-03     
2000349                     +7.0078739271302920E-16     -3.1522455093398585E+00     -1.3019259671707437E-01     +2.1206506293018998E-01     -2.3548870212825553E-04     -7.9963622754110845E-03     -4.6657568223917424E-03     
2000144                     +6.9951633549830869E-16     -3.1981419934800068E+00     -7.0736654956833678E-01     -3.4512634474460076E-02     +1.7459765879501953E-03     -7.3294088054096642E-03     -3.5015576897368767E-03     
2000216                     +6.9079712474674255E-16     -2.6192348441492808E+00     -2.1404413684824788E+00     -8.4819426201476489E-01     +5.3689724836645551E-03     -5.8627794136296698E-03     -5.8281000764019502E-04     
2000059                     +6.3394427275876513E-16     -2.1695406643664157E+00     +1.7552722442898505E+00     +5.2147272055626437E-01     -7.1949772204886820E-03     -6.6911057729031817E-03     -1.6024401206163239E-03     
2000259                     +6.2808585539363831E-16     -1.6228160620376650E+00     -2.1495704828787057E+00     -6.0914249409342380E-01     +8.7487063171240442E-03     -5.1448008597024270E-03     -4.0849705709938089E-03     
2000566                     +6.2674000000000000E-16     +3.1127198078404419E+00     -3.8157675657775482E-02     -3.0641849993246117E-01     +1.6304950210455982E-04     +9.2378146058999955E-03     +4.1377732086036274E-03     
2000747                     +6.2157460662366884E-16     -8.3039957255450192E-01     +2.0604642498942747E+00     +6.1355883320309590E-01     -1.2135090598079450E-02     -1.9989624441496177E-03     +2.5780445346493385E-03     
2000008                     +5.8942565297069081E-16     -2.1151533836457430E+00     +8.0923331040831181E-01     +5.3366392969677956E-01     -5.8184500696920631E-03     -8.8067657013997311E-03     -2.8331017913126410E-03     
2000093                     +5.6477307179764760E-16     +5.9008206131781304E-01     +2.6027641851076884E+00     +1.6154231461508028E+00     -8.8042541643951217E-03     +1.8031611981372080E-03     +1.2582328816813373E-03     
2000054                     +5.6241736501924590E-16     -1.1311514261093387E+00     -1.6682331787719331E+00     -1.2289014134286942E+00     +1.1013910471445896E-02     -4.3927974937349300E-03     -7.9085805447862568E-04     
2000405                     +5.5764804768085391E-16     -1.6763114805844723E+00     -7.2019569585460286E-01     -6.3599923489026444E-01     +6.0531453109847599E-03     -1.1999336109197062E-02     -3.1908498375509383E-03     
2000047                     +5.5435235615988891E-16     +1.0722444504119149E+00     -2.0056584870492493E+00     -1.0928232200210459E+00     +1.0164639000935746E-02     +4.7346318489072696E-03     +2.4952801887741256E-03     
2000489                     +5.4846724291131712E-16     +2.5110105912604941E+00     -2.0654552311145462E+00     -5.1127858026162065E-01     +6.0467243797328726E-03     +6.9699932782697734E-03     +1.0359888412579969E-03     
2000106                     +5.3973999999999977E-16     +1.1914543988743029E+00     -2.6409123954910481E+00     -1.3576430769650627E+00     +8.0619838085866230E-03     +4.8593565322265263E-03     +1.6814199278323754E-03     
2000344                     +5.3689097042583348E-16     -1.4317788948941268E+00     +2.2445727586340412E+00     +2.0560485194081171E+00     -6.4742273213442810E-03     -4.3038194186308379E-03     -1.1299683408239670E-03     
2000168                     +5.3470999999999977E-16     +3.1210569295598400E+00     -9.9422639823972658E-01     -2.2406135503455996E-01     +2.7332286766272407E-03     +8.6962309977235610E-03     +3.1658850718366003E-03     
2000238                     +5.2966693580739110E-16     +2.4148124908397599E+00     +1.0572462871330124E+00     +2.5108813926620077E-01     -4.6389515526385622E-03     +9.8608654619944565E-03     +1.8506050401013389E-03     
2000268                     +5.2669011092543478E-16     +6.4425217849698813E-01     -2.7938503223955342E+00     -1.1625962571279631E+00     +9.7459409119233526E-03     +8.0098007462263779E-04     -5.3319271090125793E-05     
2000069                     +5.1446100208767355E-16     -2.7268710772932345E+00     -1.7322331984607697E-01     -9.1246771144790906E-02     -8.3618128893918927E-04     -1.0405131978807223E-02     -2.7898278295773794E-03     
2000712                     +5.0204242212925650E-16     -2.1767114928216396E+00     +1.3501281387089041E+00     -2.6033307446101116E-02     -6.9706562766722532E-03     -7.4884408488602129E-03     -3.3285312759592776E-03     
2000420                     +4.8352000000000002E-16     -3.4304896469208375E+00     +1.5372414314204341E-01     -3.3008757326886429E-01     -4.0264594736030504E-04     -8.5962923001703592E-03     -3.2808149906085834E-03     
2000104                     +4.8122396678018733E-16     +2.6091283132512024E+00     +8.3062827483475732E-01     +2.9785838115656676E-01     -4.5954874998259477E-03     +8.9632657295746453E-03     +4.4516393223236004E-03     
2000690                     +4.7637535316542469E-16     -1.5675960720960085E+00     -2.7532748371415821E+00     -1.3352405042824778E+00     +8.2039844815756970E-03     -3.2324245173215296E-03     +4.7686022803363956E-04     
2000129                     +4.6542452473979754E-16     +1.7775341716276710E-01     +3.3070356649415893E+00     +8.2302561122542661E-01     -8.2894709618173308E-03     -6.6263166521024822E-04     +1.0731385855221440E-03     
2000618                     +4.6386880160793903E-16     +2.5205996367306396E+00     +1.5109432172996653E+00     -2.8311102722603887E-01     -4.1575618940401732E-03     +8.6896470751977612E-03     +3.8874381928243346E-03     
2000375                     +4.5585992488069247E-16     -1.4319436626661002E+00     -2.0277177567907327E+00     -1.7882747789490550E+00     +9.1005552219999633E-03     -3.6361057285930658E-03     -1.6406514823872332E-03     
2000814                     +4.5559595663772374E-16     -2.6388352544439719E+00     -3.0427447032726631E+00     -1.8737001476472212E-01     +5.3751229360607077E-03     -3.1814328072842547E-03     -3.7507544378769875E-03     
2000150                     +4.5336468487968124E-16     -5.0920079220789372E-01     +2.7673420590134477E+00     +1.0809186130030020E+00     -9.8409574359973051E-03     -3.1536266302328847E-04     -3.0863502897550237E-04     
2000196                     +4.5014136561179280E-16     +2.8753693191365230E+00     -7.5386902156699087E-01     -7.4826418483637935E-01     +3.3017927058434297E-03     +8.6084092555209941E-03     +3.6658569041112324E-03     
2000117                     +4.4713680178417893E-16     +2.2748847329067150E+00     -1.5886659544162030E+00     -1.1136630268490653E+00     +6.2299749087383182E-03     +5.9319619328020885E-03     +5.0266913777468718E-03     
2000139                     +4.2242882143774452E-16     -2.2816672344336091E+00     +1.3056047929354211E-01     +1.1337656608449488E-01     -1.1452729231356954E-03     -1.0124000027026802E-02     -6.9129844011553152E-03     
2000164                     +4.1832602031724900E-16     -3.0356548115713546E+00     -1.5188752400703818E+00     +6.9202885481330156E-01     +2.9759253528018155E-03     -5.4014501078017453E-03     -4.4969137627075178E-03     
2000225                     +4.1456571725352779E-16     -2.5235962535793686E+00     -1.6379352891280892E+00     -3.8314509213479131E-01     +7.7350694030198907E-03     -6.8281695722942877E-03     +4.4167394340860326E-04     
2000147                     +4.0681729177164312E-16     -1.3115120910037911E-01     -2.9247727556087995E+00     -1.2331382892342304E+00     +9.5770424049384881E-03     -2.7587102158812540E-04     +2.1119166029350147E-04     
2000092                     +4.0369435176860728E-16     -1.0384047608508538E+00     -2.8745569839061336E+00     -9.3048579664394904E-01     +9.1683068553440258E-03     -1.7382276393671163E-03     -2.3496479440639709E-03     
2000146                     +3.9415999999999998E-16     -8.0666607784084987E-01     -2.2744391246875058E+00     -8.3847062851363519E-01     +1.0109074333318629E-02     -2.5318130389914853E-03     -3.7356261746875250E-03     
2000173                     +3.9124285470831010E-16     +1.7574539486503510E-01     +2.3949510989417742E+00     +4.5190695847842893E-01     -1.1142512938904885E-02     +2.5437661165009983E-03     +1.9525854263807755E-03     
2000027                     +3.8880038985457882E-16     -1.2556960506821004E+00     +1.4194064172472445E+00     +6.4918986629366326E-01     -1.0819825414504327E-02     -6.7268005734490832E-03     -2.5728600829889752E-03     
2000212                     +3.8674996577516789E-16     -1.9622476644357723E+00     -2.5036243654610062E+00     -1.3617952486748504E+00     +7.0970973716664131E-03     -4.6626069491114081E-03     -1.8949609597167028E-03     
2000596                     +3.8350891708780020E-16     +2.0727518303581220E+00     +2.5603977620377072E+00     +7.9384371868426118E-01     -6.1903990688310971E-03     +4.3489586978355662E-03     +4.0728696543372092E-03     
2000895                     +3.7864750330894842E-16     -1.1493622777888881E+00     -2.9698742385970407E+00     -1.7426144168387281E+00     +6.9000269796021660E-03     -4.3785897953030227E-03     +1.9181829682896080E-03     
2000141                     +3.7661406016708328E-16     +2.0057659052457457E+00     +3.2044515323358075E-01     +5.2658213375558249E-01     -3.4838608242896037E-03     +1.0899068692811360E-02     +6.3912336173515697E-03     
2000005                     +3.7487362845520318E-16     +2.4937998682731322E+00     +1.0371623415335260E+00     +2.1082925674066177E-01     -5.5694673541518153E-03     +7.9649105556101503E-03     +3.1161888079103183E-03     
2000105                     +3.7154667975341450E-16     -2.1461947780411093E+00     +5.4264243265315071E-01     -9.8873353823649979E-02     -9.3434741423552531E-04     -1.1859831389409011E-02     -5.0804981504569554E-04     
2000056                     +3.6992883127021258E-16     -2.5046080994027213E+00     -5.9905941170969901E-01     -2.5591870798584149E-01     +5.0008388815913291E-03     -9.1515667882744473E-03     -2.3780293531517529E-03     
2000057                     +3.6806019206396510E-16     -2.3871902927174573E+00     -2.4758966778145393E+00     -6.1275833362126608E-01     +6.1422989210989142E-03     -6.1170297319963146E-03     -4.2395948515741463E-04     
2000419                     +3.6781999999999998E-16     -8.2770256490794469E-01     +2.9258105820936602E+00     +1.0708795120021375E+00     -7.8457337445290952E-03     -2.4288864131509695E-03     -1.3740159990240338E-03     
2000127                     +3.6611682430617228E-16     +2.6309887991564573E-01     +2.2552881804021880E+00     +1.3030463498278140E+00     -1.0848080779030300E-02     +1.6029947350278210E-04     +1.0538830450597097E-03     
2000490                     +3.6414973977832911E-16     +4.0751441698866804E-02     -3.1707116812001659E+00     -8.0074176597712809E-01     +9.3131035304072837E-03     +9.0746980970485573E-04     +2.0462907373698566E-04     
2000410                     +3.6186546970297339E-16     -1.9155112944292021E+00     -1.2360089660040920E+00     -1.0254045810155812E-01     +7.9550652015961537E-03     -7.9679719176429641E-03     -4.8524519607033951E-03     
2000654                     +3.5953000000000000E-16     +2.4588196320852753E+00     -1.1556488584185369E+00     +3.1208289621418234E-01     +1.7738056596559547E-03     +7.9848545979970889E-03     +4.5943753946951355E-03     
2000381                     +3.5934934807617610E-16     -2.9906520141253292E+00     -4.6259539681800704E-01     +4.2536983610701279E-01     +2.1325167701982803E-03     -9.3305181402146067E-03     -3.0699194024006080E-03     
2000074                     +3.5073744512956140E-16     +2.0074036495479475E+00     +6.4157685035334067E-01     +2.7502046921212353E-01     -3.9670678260044553E-03     +1.1831903108144281E-02     +4.1215070171603625E-03     
2000388                     +3.4333444128591692E-16     +2.3254378395546658E+00     -1.3958897601010460E+00     -7.7767174666014793E-01     +5.9675265477944616E-03     +7.5320108167019053E-03     +4.3923140092773380E-03     
2000068                     +3.4310265912379692E-16     +2.1553346945671938E+00     -4.7193776580000563E-01     -5.0440927911976408E-01     +3.4475434104263881E-03     +1.0638385275503766E-02     +5.5339516312448737E-03     
2000505                     +3.4176985017472392E-16     +2.0558842529000585E+00     +7.1658633357675383E-01     -7.9426394810180392E-02     -5.5007098473016007E-03     +1.0143865610341668E-02     +5.3800981039871468E-03     
2000508                     +3.4106769797534871E-16     -1.8298955389042544E+00     +2.0344930842931448E+00     +1.6810036366744354E+00     -7.5303743791874248E-03     -5.4379710011224526E-03     -2.0366222552812285E-03     
2000089                     +3.4020311574394289E-16     +6.7279040657579703E-01     +1.7851682423808803E+00     +1.3913340718620246E+00     -1.0184057897930752E-02     +5.4703756774934394E-03     +1.1436528654876362E-03     
2000360                     +3.3677605743530068E-16     +2.3704684145547774E+00     +9.4713110538907086E-01     -1.0444511540377785E-01     -5.0442752230660057E-03     +9.8026624662080862E-03     +3.4661706144256295E-03     
2000909                     +3.3629754927610392E-16     +2.6480882883491175E+00     -1.9122305434431699E+00     -7.1481078490093120E-01     +5.1293287612657326E-03     +8.2145931750223691E-03     +1.7160575516515864E-04     
2000134                     +3.3620465420887158E-16     -2.0067961226938049E+00     +1.2153950859984126E+00     +7.3144549048906027E-01     -7.3600538460518805E-03     -6.7186900095000182E-03     -5.0726482930659542E-03     
2000481                     +3.3407005297045191E-16     +9.7895339576312401E-01     +1.9320572009226269E+00     +8.1930133426482343E-01     -1.0731622231569680E-02     +4.0669982658570122E-03     +4.0285321284307439E-03     
2000046                     +3.2728000000000001E-16     -4.7047095757079621E-01     -2.2960846451300361E+00     -8.8763695945786081E-01     +1.0895525479066019E-02     -1.8820199936899127E-04     -5.9631885478379461E-05     
2000334                     +3.2624933794345618E-16     +3.4484653565939327E+00     -1.3235079769604892E+00     -7.1420647620935107E-01     +3.9295303191761348E-03     +7.6820915177600391E-03     +2.5937826888725560E-03     
2000469                     +3.2283999999999999E-16     -2.2725641155385210E+00     -9.4752325514375058E-01     -8.7839367365510568E-01     +4.8899581307444758E-03     -8.8400469446488737E-03     -5.4780623370961380E-03     
2000140                     +3.1316732532224061E-16     +2.3542199594204596E+00     +5.6650746354215020E-01     +9.9249176473718587E-02     -5.4259283399607820E-04     +1.0772323513090629E-02     +4.4871071457645868E-03     
2000776                     +3.0567119446636531E-16     -2.4258733527008434E+00     +1.2448870679071615E+00     +1.4998228353964580E+00     -6.1938312242762689E-03     -7.0074822503926014E-03     -1.2528276202488241E-03     
2000211                     +3.0465115564904100E-16     +2.7163777495997108E+00     +4.3098358280710769E-01     +3.8274844366589938E-01     -3.5105864661076915E-03     +9.4731249565297385E-03     +3.7833185691097458E-03     
2000241                     +3.0054836259460052E-16     +2.1615286654904988E+00     -1.6495965205600360E+00     -4.9397630983225216E-01     +6.2964878529487888E-03     +7.8179475116318606E-03     +4.0790540965517375E-03     
2000040                     +2.9524140803084219E-16     -6.8609924062618499E-01     -2.0378484676993414E+00     -8.1370930562643862E-01     +1.0841440740353822E-02     -2.3545061365017909E-03     -1.8792673810605553E-03     
2000034                     +2.9445412915212858E-16     -2.3866547439073544E+00     +2.8375934467650271E-01     +7.0656333465559704E-02     -1.7588585462024206E-03     -1.0937730790631761E-02     -3.5639374352020190E-03     
2000514                     +2.9376520795314819E-16     -1.7905569896031470E+00     +2.3437510961485422E+00     +8.8391093891308270E-01     -8.0985229250603863E-03     -4.7217037359254229E-03     -2.6446388976281024E-03     
2000028                     +2.9262727442945278E-16     -1.4692939517995551E+00     +1.7404102123642646E+00     +6.3419999893071199E-01     -9.3285015004708656E-03     -7.4226009246712004E-03     -1.1790015035639506E-03     
2000705                     +2.9175003506482499E-16     +1.5323126358479555E+00     -1.7375634530803994E+00     -2.0197917978291815E+00     +8.2038435446488613E-03     +3.4148353765245196E-03     +3.5309962793698456E-03     
2000328                     +2.9127000000000000E-16     -2.5687715259316151E+00     -1.4642808580103521E+00     -1.3165779651214242E+00     +4.8322064692054977E-03     -6.2749885315759243E-03     -4.9542341994920688E-03     
2000175                     +2.8990971962115819E-16     -4.6974966937838741E-01     -2.6475661458719690E+00     -1.3049562932770244E+00     +1.0261770510874164E-02     +5.5333689876112127E-04     +3.1704520975794921E-05     
2000303                     +2.8848684039510109E-16     -2.7099539783336390E+00     -1.5686164780216878E+00     -1.0073409548676724E+00     +4.9770613283647716E-03     -6.7850493304584996E-03     -3.7523977220489581E-03     
2000159                     +2.8824066183805001E-16     -4.0626505541411451E-01     +2.6197214069627432E+00     +9.4070513188804639E-01     -1.0553941230093240E-02     -1.9375294572323985E-03     +1.7079087781137145E-04     
2001093                     +2.8716404826701959E-16     -2.2733015501394589E+00     -1.8425693499968960E+00     -3.3814487824866751E-01     +7.2291646875143872E-03     -3.6861568768961246E-03     -6.3877619974302136E-03     
2000070                     +2.7688888401578460E-16     -5.0823039936888781E-01     +2.5247150067769182E+00     +1.6201449276418916E+00     -8.8765851512165733E-03     -1.3853566602616526E-03     +7.4565021874955562E-04     
2000042                     +2.7653166434743811E-16     -2.3074038093548528E+00     +1.5654765836811775E+00     +1.0819298153500119E+00     -5.3757742210709886E-03     -6.5673001955338468E-03     -2.0682222166427296E-03     
2000554                     +2.7485668803401500E-16     +1.5720178407134175E+00     -1.7560725946605364E+00     -7.2987959562792493E-01     +7.1678509315921150E-03     +7.1316521426767181E-03     +3.6485506303883001E-03     
2000194                     +2.7230587289059820E-16     +1.4999415153030171E+00     -1.2765876961482778E+00     -2.9961200242617575E-01     +8.6803155761099350E-03     +1.0443077766089858E-02     +1.3639703279408111E-04     
2000095                     +2.7166197083932592E-16     +2.5465813826096495E+00     +2.3641751092196547E-01     +6.2573636490826745E-01     -2.3733557023446535E-03     +1.0709342777416510E-02     +2.9059268111618483E-03     
2000247                     +2.7097270724162128E-16     +2.1736284118768601E+00     -8.6545809534616480E-01     -9.9636801419554633E-01     +3.4256302638100340E-03     +7.0802537452205527E-03     +7.9572927843827267E-03     
2000466                     +2.7071416736527809E-16     -2.6631743523909552E+00     +1.7403208989325587E+00     +4.8353065915118877E-02     -4.2390970670744821E-03     -6.9076981030051880E-03     -5.6814416984694001E-03     
2000356                     +2.6816131961351822E-16     +2.4084284143157757E+00     -1.0796270811013524E+00     -6.3747449563013470E-01     +2.4736710925806113E-03     +8.7033568947502311E-03     +5.3945376271223146E-03     
2000156                     +2.6336000000000000E-16     +2.9284186439479147E+00     -7.2899569222675031E-01     +2.1875851114286202E-01     +3.6492907476840960E-03     +7.9560970514695947E-03     +3.3201074222356437E-03     
2000209                     +2.5931073098872930E-16     +2.2734013246022933E+00     +2.0582205754432739E+00     +1.2095100915971497E+00     -6.4369216544974545E-03     +5.7199496714524997E-03     +3.4091813694459572E-03     
2000051                     +2.5705491133531448E-16     +2.3302282194993760E+00     +9.2039831983322562E-01     +1.9561238110586804E-01     -4.2266938195327881E-03     +9.3714235160782672E-03     +2.2947028729440682E-03     
2000021                     +2.5294428720409989E-16     -3.9699757372829853E-01     -2.0339702802070874E+00     -8.7859184509631394E-01     +1.1859194691098888E-02     -1.3380886130609740E-04     -7.4795191807318134E-04     
2000772                     +2.5206144925338948E-16     +2.9105283395244235E+00     +6.4807754772479786E-01     -1.2676416704795250E+00     +1.0105697838089277E-03     +7.6010201952476791E-03     +5.0669268836541432E-03     
2000192                     +2.5119412656578328E-16     -2.1757549753033740E+00     -1.6045162180751036E+00     -1.0094642713101065E+00     +6.8367608051651471E-03     -5.2234769201204897E-03     -2.7545951228864938E-03     
2000098                     +2.4428317417320688E-16     -2.1848777366851784E+00     +2.2688176877958441E-01     +1.1279184081933576E-01     -2.1220164904819242E-03     -9.6073723077791454E-03     -7.8408600247704702E-03     
2000091                     +2.4404616777010059E-16     -8.2795098627522670E-02     -2.5849407299012039E+00     -1.2337927665888897E+00     +9.5966057750183284E-03     -1.6396050754983300E-04     -1.5492769370936541E-04     
2000476                     +2.4193160564640660E-16     -1.6768054915025896E+00     -1.5400495588873448E+00     -1.1207244085064190E+00     +8.4289920002813528E-03     -6.8683470550187833E-03     -1.7143689838618164E-03     
2000162                     +2.3729075379342011E-16     +2.6701653996486757E-01     +2.4010487667111193E+00     +1.2752885886594312E+00     -1.0861008355353563E-02     -8.3256725287928445E-04     +3.4032421163805862E-04     
2000035                     +2.3522561732418408E-16     -2.1813160001360372E+00     -6.4654531327909393E-01     -4.2680386115087277E-01     +4.4035549637133284E-03     -1.0004093187587562E-02     -6.0597362448225689E-03     
2000426                     +2.2979758127971452E-16     -2.0180454335081230E+00     -1.0050500671053801E+00     -1.3992876277542741E+00     +5.9773773405212465E-03     -8.1670529800804918E-03     -4.2102147658365785E-03     
2000455                     +2.2861593339578099E-16     -2.0523234357304183E+00     -2.0036309028948014E+00     -5.0899678407150473E-01     +8.1216891247621360E-03     -3.5309195318274779E-03     -3.6092674225335275E-03     
2000804                     +2.2671033414599050E-16     +1.1847388558014986E+00     -1.7552272224938394E+00     -1.3159594226947950E+00     +9.7477867766511597E-03     +4.5001995533318169E-03     +4.2476761885686743E-03     
2000276                     +2.2481550488436832E-16     -1.2357782338530228E+00     +2.6497967742950643E+00     -2.3422474888632253E-02     -9.1301074868564095E-03     -4.3820398423924066E-03     -2.1800822404766467E-03     
2000595                     +2.2211133615828450E-16     -2.2707767887736638E+00     -1.7864630073183148E+00     -1.0911863231086836E+00     +6.9466246098751593E-03     -4.8426832646576460E-03     -5.2265779244786703E-03     
2000346                     +2.2099166077176559E-16     -2.9783345991604508E+00     -6.9952254857697838E-01     +2.0077262097040077E-01     +1.4871542787265705E-03     -8.3792189948350276E-03     -3.8102179801839746E-03     
2000037                     +2.1856205771130561E-16     -2.5666760742539561E+00     -1.3213016415968890E+00     -6.3678912161104573E-01     +3.5661703699935549E-03     -7.7467870298947080E-03     -3.8933266893466057E-03     
2000788                     +2.1581556817636010E-16     -2.0606592546661733E+00     -1.7309685306173395E+00     -2.6957497333470665E-01     +7.1658668192625431E-03     -8.3957507759695928E-03     -1.3600397769889477E-03     
2000086                     +2.1523995570228910E-16     +2.4392783384114409E+00     -7.0088659404540021E-01     -5.3025372416659489E-01     +2.1473760466546874E-03     +1.0462698028167869E-02     +4.3841684706029090E-03     
2000602                     +2.1501467433612251E-16     +2.2409239933180443E+00     +2.5722410498745907E-01     +5.3176854978459853E-01     -2.9881067894708679E-03     +1.0020347965555667E-02     +7.1180565824286220E-03     
2000762                     +2.0818012830905660E-16     +3.1798448351010693E+00     -1.1984388157765400E+00     -4.7355999455530651E-02     +2.1093916084150175E-03     +7.2393795106408722E-03     +4.8828910482919749E-03     
2000017                     +2.0815063964697380E-16     -2.1983171932118947E-01     -1.9932801243698852E+00     -7.1315879197558996E-01     +1.2456754335176462E-02     -9.3991234814923437E-04     -1.3964547443053089E-03     
2000283                     +2.0528101779869579E-16     -3.4625984666432568E+00     +3.2761254597620204E-01     -2.7365586094378941E-01     -4.0897780706763883E-04     -7.4750271412745541E-03     -4.0455181622699532E-03     
2000018                     +2.0089277366511321E-16     -2.7376305167490131E+00     -1.1999238741018329E-02     +2.4008553609376482E-01     -9.9671352275909749E-04     -8.9483737970410034E-03     -2.2353537108741775E-03     
2000506                     +1.9735313911048411E-16     +2.3431400148230925E+00     -2.2356966332565014E+00     -9.7062995478473102E-01     +5.4538020208711362E-03     +4.8973055904552162E-03     +4.9191094179374629E-03     
2000769                     +1.9725153985693760E-16     +5.1366265718507187E-01     -2.3025753033828402E+00     -1.3334533490747522E+00     +1.0933630692956655E-02     +2.5010731064673817E-03     +3.4906740363011262E-04     
2000233                     +1.9715919666254549E-16     -2.9006560864807489E+00     +2.3786844813754834E-01     -2.0088704265906820E-01     -3.5270275755005717E-04     -9.0819311853205659E-03     -2.9477114966121711E-03     
2000250                     +1.9688550185992420E-16     +3.1156999250118620E+00     -2.1245155431973836E-01     -5.1754704617669167E-01     +1.3196157988650383E-04     +7.9103887019516868E-03     +5.5375377242951268E-03     
2000773                     +1.9576160906423331E-16     -1.3202816350973767E+00     -1.7534695729550274E+00     -1.6077948114959359E+00     +9.4392753059092532E-03     -4.7300046749748914E-03     -1.4942078762327216E-03     
2000545                     +1.9484986115571251E-16     -3.0837470194993899E+00     +1.7648411426768329E+00     +8.6939056442680618E-01     -3.5385248066106237E-03     -6.0606603596007067E-03     -4.3795067401156858E-03     
2000012                     +1.9317757851829201E-16     -5.0334202538926343E-01     +2.6082231574277106E+00     +8.1998311790688394E-01     -9.1857306700324718E-03     -2.7625205909078646E-04     -1.2727864197027566E-03     
2000488                     +1.9151562798850779E-16     -2.0627220300206748E+00     -1.8826252524477227E+00     -3.9289320648171605E-01     +5.7450935753285293E-03     -7.7165756671556283E-03     -4.7794435361457662E-03     
2000023                     +1.8953317604197831E-16     -1.3766784230170255E+00     -2.1764648005830325E+00     -8.6928139840634899E-01     +7.2299159489707370E-03     -5.7980292399469726E-03     -4.3428052098005319E-03     
2000326                     +1.8915247466562089E-16     -2.0671244477308490E+00     +5.8042771245502200E-01     +1.1937290893428596E+00     -3.5447943946179195E-03     -7.7526911565257020E-03     -6.3332678021033439E-03     
2000275                     +1.8654000000000000E-16     +2.6646089187966737E+00     +1.5253321668791371E+00     +3.9011590381908395E-01     -5.5346695406212135E-03     +6.7972653220932707E-03     +2.8320230152155831E-03     
2000203                     +1.8492472080300540E-16     +1.5050496908974820E+00     -2.0853721912858862E+00     -1.0247544069719725E+00     +8.2861287829384140E-03     +5.4123130169233986E-03     +2.8082625146937665E-03     
2000266                     +1.8413301875237819E-16     +2.3446297757216789E-01     +2.4087470667862374E+00     +7.3707577610734487E-01     -1.0856864524242163E-02     +2.9552011761677884E-03     -1.3805859356526044E-03     
2000221                     +1.8168406201733031E-16     +1.7824423610447979E+00     +2.2655547460150682E+00     +3.8538148914194365E-01     -7.3773160312328471E-03     +6.6466196625640976E-03     +2.6311983516828698E-03     
2000521                     +1.8124493964458610E-16     -2.5449943692475943E+00     -2.3622925799050054E+00     -5.0378728649062243E-01     +5.0596998706075461E-03     -4.9815579744247659E-03     -3.1770168543853120E-03     
2000751                     +1.7989374811476499E-16     -2.2971406283930813E+00     +9.6641626020071014E-01     +1.1823764590909189E+00     -5.8553327755003224E-03     -7.7285105397587317E-03     -2.0518934740067986E-03     
2000357                     +1.7619560261002570E-16     +2.5546497764382847E+00     +1.2865440314372756E+00     -1.7941282751786444E-01     -4.4698995535731355E-03     +9.2351131325147679E-03     +2.7554931770361318E-03     
2000230                     +1.7608987155151350E-16     -2.2755058662510566E+00     -8.7969688908169930E-01     -6.4548625318607344E-01     +4.3313507522291031E-03     -9.2179927815294535E-03     -2.4680264021071895E-03     
2000200                     +1.7554616782526139E-16     -1.0549692969091587E-01     -2.6210931225514118E+00     -1.4701488880284950E+00     +9.3762136360680277E-03     +1.3883452746927665E-04     +8.1316758691360371E-04     
2000191                     +1.7252555236382890E-16     -2.8753850615802983E+00     +9.5417150681136420E-01     +4.1374796314729134E-01     -3.7546174158919442E-03     -8.6137832929900487E-03     -1.6633271188218682E-03     
2000114                     +1.7050000000000001E-16     +1.0079610447174163E+00     +2.3029962578475360E+00     +7.5529586651083036E-01     -1.0372837399786575E-02     +2.5273444217784480E-03     +1.1006268210990405E-03     
2000635                     +1.6995669526331389E-16     +2.0112280982530160E+00     -2.3756488553374013E+00     -4.9573598893347776E-01     +6.8408062022415556E-03     +6.6577642856515424E-03     +1.5672647634231752E-03     
2000036                     +1.6970600184097089E-16     +2.0815700218534201E+00     -5.8838007809557680E-01     -5.1661664503067750E-01     +1.4833655208553102E-03     +9.3124947159185251E-03     +8.3693699978313312E-03     
2000181                     +1.6796766833548251E-16     +2.1251841214971114E+00     -2.9063772540309212E+00     -8.1345671036398659E-01     +5.8653240351520686E-03     +5.5775547969366956E-03     -3.4060213504010699E-04     
2000176                     +1.6713475520093611E-16     -1.3831258569189420E+00     +2.8346218524614866E+00     -9.1291696156414484E-02     -9.2256143210753712E-03     -2.6660007092643751E-03     -1.4261110971936803E-03     
2000626                     +1.6643778725882151E-16     -3.0309475680216349E+00     +4.2263108541580757E-01     -1.2731780290922973E-01     -1.8670488954173512E-03     -5.6077670325185153E-03     -6.5590121629920386E-03     
2000148                     +1.6595259516345301E-16     -1.9984517953157777E+00     +1.8043679857972619E+00     +5.6294234653660735E-01     -7.9697487798265458E-03     -6.4453491239557931E-03     +1.7442024993382687E-03     
2000026                     +1.6373439522610839E-16     -2.2741000378747431E+00     +1.1257746093311694E+00     +6.6132836788710248E-01     -4.4314476660793052E-03     -8.8146481940099570E-03     -4.0601731122113889E-03     
2000050                     +1.6333263911175179E-16     +1.3377410160517951E+00     -1.6020323936215017E+00     -6.1049781241273104E-01     +7.9934292476077848E-03     +9.2287996328275987E-03     +3.4322556978411429E-03     
2000784                     +1.6308230966598089E-16     -1.2116767662013146E+00     -1.7252248374442127E+00     -1.1307169907211567E+00     +1.0795129596825321E-02     -4.4117583839037057E-03     -3.9701010741754854E-03     
2000675                     +1.5923470884492271E-16     +6.4819925528876382E-03     +2.1081043874325900E+00     +8.7027738496134655E-01     -1.2117626708862617E-02     +1.9703504900828090E-03     -1.4284576339716035E-03     
2000786                     +1.5830198804699920E-16     -6.3647145844941933E-01     +3.0127131631818642E+00     +1.4829305686813825E+00     -8.1148097691801733E-03     -3.6305581337909665E-03     +7.2846657309966808E-04     
2000407                     +1.5678504140474829E-16     -2.3996656937763894E+00     +1.2955905030410939E+00     +3.3056806681207040E-01     -5.2070450959093894E-03     -7.4513536298830441E-03     -4.4393113148489191E-03     
2000393                     +1.5586000000000001E-16     +4.2973126832326641E-01     +3.2238720764165314E+00     +6.9172388548945085E-01     -7.6703038521094852E-03     +3.5125401401070139E-03     -4.4621369908320625E-04     
2000709                     +1.5456008538659911E-16     +1.9365121074203948E+00     +1.3233887718732456E+00     +1.3867853378705999E+00     -6.6197835118759034E-03     +7.3836840764574582E-03     +4.2058068159589691E-03     
2000980                     +1.5352978885566199E-16     -3.1712558245442084E+00     +4.8673987149063469E-01     -7.1879304287176005E-01     -1.4246128342469986E-04     -7.4554631562028170E-03     -4.0278089943767111E-03     
2000171                     +1.5109884909293550E-16     +3.4570192240431465E+00     -2.1542343929452221E-01     -2.5510859103394445E-01     +2.4026657762815101E-04     +8.0602223718923768E-03     +3.3989359784922951E-03     
2000694                     +1.4938668030133560E-16     -2.0693263244157984E+00     -1.7226799196320921E+00     -8.7100609305954679E-01     +8.3895448573856352E-03     -5.2165340707639807E-03     +6.3413775316047355E-04     
2000416                     +1.4869856293449610E-16     -9.6421484513060873E-01     +2.5870109416032747E+00     +1.7267244161507243E+00     -7.6463777953073332E-03     -4.0587003270884858E-03     -6.3318352227243813E-04     
2000491                     +1.4858970838252891E-16     -1.3573929766432624E+00     -3.1647386655243439E+00     -2.2512106425517414E-01     +8.1724847599484365E-03     -3.4035672672235932E-03     -4.5222178358532552E-04     
2000780                     +1.4857405347656311E-16     -2.9427578248452386E+00     +1.4445020080828084E+00     +7.4533614125526948E-01     -4.2924974951799892E-03     -7.8986756151656987E-03     -2.2459147959886096E-04     
2000030                     +1.4820190164375290E-16     -2.6018284522258859E+00     -7.9546812671132450E-02     -1.1917724408181334E-01     -2.7203935683367688E-04     -9.1463780773681797E-03     -4.2247993186578245E-03     
2000335                     +1.4756769258889111E-16     -1.3734368809569373E+00     -1.6187105383502234E+00     -4.9325106134043739E-01     +1.0491968543113980E-02     -5.8962154560538785E-03     -2.5517041951739769E-03     
2000412                     +1.4655734975631911E-16     -6.5596337374786917E-01     +2.4895468187588943E+00     +1.0371025200190842E+00     -9.6117906410965182E-03     -3.5124977303447108E-03     +1.1488621065061627E-03     
2000404                     +1.4521678954842191E-16     -1.5242108083637942E+00     +1.5391987778172718E+00     +1.0570802187236723E+00     -6.8335529682734854E-03     -8.9791102544930397E-03     -1.8935810863394528E-03     
2000674                     +1.4383748004467891E-16     -2.3132544900698607E-01     +2.0096134540466917E+00     +1.2398377860772654E+00     -1.1861230817223732E-02     -2.3704490961342002E-03     +1.4277847240439453E-03     
2000713                     +1.4268157848333010E-16     +6.0704486706598559E-01     -2.9345610335190040E+00     -7.5266130481716376E-01     +9.6178783695495956E-03     +2.8547109573042492E-03     +1.9616392141247477E-03     
2000071                     +1.4244927463509561E-16     -2.0984612203678750E+00     +1.4018017048053246E+00     +4.3079107139041589E-01     -4.0290080241738701E-03     -7.0401514713295506E-03     -7.5841144305246605E-03     
2000377                     +1.4144228920898079E-16     +2.7403958869456818E-01     +2.3866313407381843E+00     +7.7887024618492084E-01     -1.1006017884632732E-02     +1.8284979799497154E-03     -1.0577230067105289E-04     
2000350                     +1.4100078405763091E-16     +1.9019953953632767E+00     +1.8538826611804646E+00     -1.6835996458779487E-01     -6.8025261555301995E-03     +6.5558935140396027E-03     +6.2040786972373330E-03     
2000110                     +1.4076985722105040E-16     -2.9091690912523780E+00     +1.3848718213176522E-01     +3.5674890385240293E-01     -7.0187717733259452E-04     -8.6268054397701296E-03     -4.2628772008314469E-03     
2000223                     +1.3906039685198460E-16     -2.9099219343524889E+00     -5.7479724006066202E-01     -1.8290041566254139E-01     +8.3128851989205878E-04     -9.1795711610354377E-03     -4.2514538373299923E-03     
2000373                     +1.3720617596137790E-16     -6.8591623026009541E-01     -2.3790441758274246E+00     -1.8979996854040073E+00     +9.6939712157538219E-03     -4.7147969921726348E-04     -6.4196380321476158E-04     
2000100                     +1.3659771964686970E-16     -2.8039641256778847E+00     +1.9990018365862279E+00     +9.6791827260729801E-01     -4.8091916058282374E-03     -6.5498714290350380E-03     -1.8651363845465251E-03     
2000449                     +1.3558171306734880E-16     +1.4202175699310868E+00     +1.8157237012785896E+00     +7.1156419758272427E-01     -1.0126864438554288E-02     +4.5495951476949249E-03     +2.5881176673233394E-03     
2000038                     +1.3232859647467681E-16     -1.2307873991713587E+00     +1.8354871928664758E+00     +7.6709841938267298E-01     -1.0387032050843086E-02     -4.8329235742236021E-03     -3.6825656891197648E-03     
2000210                     +1.3145378148802101E-16     +2.2362434288351372E+00     +8.4280938113113169E-01     +3.1725051378075314E-01     -4.8316915805090210E-03     +9.3239846098173221E-03     +5.2029805596121772E-03     
2000498                     +1.2987929239170220E-16     -3.1371308859813127E+00     -1.4648937560806680E-01     +5.0260229469186313E-01     +7.0681818893785322E-04     -7.9107033946332738E-03     -3.3372465178157359E-03     
2000102                     +1.2812662256605979E-16     -7.9847670082995870E-01     +2.4722874387982672E+00     +8.1411748894081493E-01     -1.0279063898356946E-02     -2.7215588793020506E-04     -6.0721738535493954E-04     
2001015                     +1.2583765926450050E-16     -1.5621540742740372E+00     +2.5690992833632036E+00     +1.0859589389186093E+00     -8.6758753099167845E-03     -4.1700210943166329E-03     -1.0805130521978362E-04     
2000084                     +1.2573126556318860E-16     -2.8628849578584759E+00     +1.2474130438475742E-01     -2.1310590135964830E-01     +8.4356692699987434E-04     -7.6542483060259838E-03     -4.5868712739735073E-03     
2000090                     +1.2351963628284910E-16     -2.5230939013803408E+00     +2.3938647136921669E+00     +1.1764242955673379E+00     -5.7853799100773410E-03     -5.3485571215460409E-03     -2.1645633470196626E-03     
2000345                     +1.2317521169884131E-16     -3.3870746038386444E-03     -2.3789710677381604E+00     -6.4974573839692118E-01     +1.0566414610352329E-02     -1.9624108860102714E-04     +9.6613941796436893E-04     
2000791                     +1.2196487517410749E-16     -6.8850353340743331E-01     -2.7901989123599873E+00     -4.7080929597003612E-01     +1.0148971169127632E-02     -1.7323139675759556E-04     -2.3145070559622543E-03     
2000358                     +1.2178097995831790E-16     +2.6418995128450571E+00     -3.2913892632359804E-02     -3.2743151831473589E-02     -1.2392942911824091E-03     +1.0299294769152813E-02     +3.7449935176929686E-03     
2000663                     +1.2049549488578180E-16     +2.9884000743859711E+00     +1.3983952673590618E+00     +1.0918406699441503E+00     -4.3320073134924869E-03     +7.4198792360083039E-03     +5.3319584341414948E-04     
2000227                     +1.2048459545465019E-16     -1.6833664151386249E+00     +2.4246089800528252E+00     +1.3065705023584571E+00     -6.7750235290071270E-03     -5.2794772656087731E-03     -3.8694776092044023E-03     
2000032                     +1.1995850162334401E-16     -8.9722563865256100E-01     -2.1243484485390582E+00     -8.0354588624781531E-01     +1.0193867367120669E-02     -4.7693166649999614E-03     -9.8716140255234526E-04     
2000740                     +1.1892814439317689E-16     +3.3187507500319202E+00     -6.3947297675607362E-02     -6.1677818279300944E-01     +4.4788177985197333E-04     +8.4316227098520536E-03     +2.7354426912672052E-03     
2000206                     +1.1789669849357310E-16     +1.2432504705008978E+00     -2.3760133270290789E+00     -9.2908310064211885E-01     +8.9179865591375185E-03     +4.4154458530118396E-03     +1.2829866328531244E-03     
2000080                     +1.1614439541131079E-16     +1.6130396944156624E+00     -9.4580451979008284E-01     -1.2343628657099373E-01     +5.9069371431826716E-03     +1.1662061344371123E-02     +4.0919539939869272E-03     
2000313                     +1.1584591337407960E-16     +7.7638727714704980E-01     +1.9403238601460322E+00     +3.9864406070999620E-01     -1.2099041286317098E-02     +2.6613402975207332E-03     +6.8108128257300736E-04     
2000366                     +1.1563954713645831E-16     +1.8630606200503552E-01     +2.7281175506757718E+00     +1.8347541031311443E+00     -9.1849271785275164E-03     +1.0351317043840475E-03     +2.5918849154109259E-04     
2000445                     +1.1534210849315851E-16     -2.6343649416201789E+00     +2.3378392900170253E+00     +3.8700353962496886E-01     -5.9878737930858976E-03     -3.7592124472575618E-03     -4.9093303396950463E-03     
2000236                     +1.1363293901133810E-16     -7.4369586644269292E-01     -2.6363586956318370E+00     -7.5849552836091860E-01     +1.0085083919508917E-02     -7.7319281777321397E-04     -5.5741829905457148E-05     
2000143                     +1.1260861147488829E-16     +2.8869242072681578E+00     +4.3219511920943865E-02     +3.3399376788851781E-01     -2.6611219045398065E-04     +8.1947271401431078E-03     +5.4502032546112963E-03     
2000503                     +1.1187183314500760E-16     +2.4739601904344384E+00     +8.9782176180799012E-01     +1.9676888632589895E-01     -5.3204982356158392E-03     +8.2853464774105476E-03     +4.3832328841007058E-03     
2000696                     +1.1177734423974849E-16     -2.5241770061546092E+00     -2.3433255035635900E+00     -1.9346602109890947E+00     +5.6582240178201333E-03     -4.7455795713732289E-03     -1.4430972571934618E-03     
2001467                     +1.1152801330348170E-16     +9.7127150571413157E-01     -2.1519025425172424E+00     -1.6885068449280927E+00     +9.7953315385232824E-03     +1.6394746286641760E-03     +4.1865545899829829E-03     
2000240                     +1.1048622528732650E-16     -2.9172205582178061E+00     -8.0185687277078388E-01     -2.2818913442583727E-01     +1.1190630998871253E-03     -8.3750691489714538E-03     -3.5150811687430692E-03     
2000385                     +1.1031851822968280E-16     +2.2086260651379153E+00     +1.6200296186317078E+00     +1.3601655814549101E+00     -7.1974508886274843E-03     +5.1965883117041783E-03     +3.3462143968805555E-03     
2000083                     +1.0968348906260350E-16     +2.5417455488216416E+00     +6.7817367735567724E-01     +2.4017052673086925E-01     -2.7463600479361639E-03     +8.5783297577898040E-03     +4.6583200892941195E-03     
2000062                     +1.0890481919600570E-16     -9.6965100544819716E-01     -3.1896778091395936E+00     -1.2645543796741852E+00     +8.3041333896428596E-03     -1.1714260074818733E-03     -7.5779528260936963E-04     
2000517                     +1.0886266508800200E-16     +5.6282303323743177E-01     -3.1918211790411726E+00     -1.3705327691133136E+00     +8.1417228907095622E-03     +2.2923438546703060E-03     +1.5057153647525174E-03     
2000109                     +1.0826185861581930E-16     -2.2677212100464370E+00     -2.2552466395272481E+00     -1.3478526359601568E+00     +5.4979470344086985E-03     -4.6744931343616920E-03     -2.9124027751444865E-03     
2000683                     +1.0436103612506560E-16     -3.4254739792873051E-02     -2.9282710462781911E+00     -1.1001033867944623E+00     +9.1893872884567986E-03     -1.6929784805209953E-03     +2.6047163985923561E-03     
2000849                     +1.0354972501527590E-16     -2.3959339089315708E+00     -1.3766091806212652E+00     -9.0310517812470092E-01     +6.6303574795540951E-03     -8.0963708678895296E-03     +2.9263516087205642E-04     
2000097                     +1.0314956358376310E-16     -1.9052537259447624E+00     -2.6780334745368379E+00     -4.5180152221864328E-01     +6.2913553733005261E-03     -5.0341563967980568E-03     -1.5366030917544589E-03     
2000160                     +1.0248487058744050E-16     +1.9099546048102265E+00     +1.5195469009383042E+00     +7.5809440826408581E-01     -7.5343252107832118E-03     +7.2280609909158152E-03     +3.8116332026035715E-03     
2000081                     +1.0223675545561340E-16     -2.9502489960942774E-01     -2.8193692141349378E+00     -1.7113505730486449E+00     +8.6420059169674095E-03     +3.9815278187757346E-04     +1.8730890515395528E-04     
2000201                     +1.0147296895716561E-16     -2.7964775803882822E+00     +1.3530134473528446E+00     +5.5504992028401168E-01     -4.1866974360211043E-03     -7.3627861391091561E-03     -2.2413754555432783E-03     
2000387                     +1.0044659839630940E-16     +1.6783585482408439E+00     +2.5312077229104943E+00     +1.0550456722104175E-01     -6.1656638534104196E-03     +6.3598528170764777E-03     +2.9094931233579562E-03     
2000103                     +1.0011180168586460E-16     -1.6196669940850856E+00     -2.0611673082837201E+00     -6.1795493343835994E-01     +8.8152434870120283E-03     -5.1308098497401255E-03     -2.4219426292291348E-03     
2000680                     +9.9581620100255186E-17     -2.4789961355500587E+00     +1.9620048885736048E+00     +2.1222835741024224E+00     -4.5355945912545319E-03     -5.5585942398381580E-03     -3.0493807119832393E-03     
2001107                     +9.5491282158876468E-17     -2.5645554251405480E+00     -1.9366859826766092E+00     -4.2096362694762263E-01     +4.7201622216593046E-03     -7.4439727323167889E-03     -3.4199215404468681E-03     
2000213                     +9.5223891872172389E-17     +2.4238094769232053E+00     +1.3778317026015714E+00     +2.3720057819916623E-01     -3.6639378301137455E-03     +8.8481227975582277E-03     +3.5688269034184657E-03     
2000135                     +9.5156050418462075E-17     -1.8475633306541810E+00     -1.4137700147367567E+00     -7.0149863778223087E-01     +8.7063870738748796E-03     -6.1177301130014745E-03     -2.8343510500938203E-03     
2000691                     +9.4537052258201022E-17     -2.5961767256002908E+00     -2.1305664780736331E+00     -2.7983208312169716E-01     +5.3337027203454023E-03     -5.7929181740485084E-03     -3.8891576345458515E-03     
2000020                     +9.1998074776309115E-17     -4.4245518434272779E-01     +1.8561492262588097E+00     +7.7836017935852597E-01     -1.2511773688832563E-02     -2.5294885034073031E-03     -1.1396272591994157E-03     
2000205                     +9.1514999225958938E-17     -2.7660774740755460E+00     +6.6449955500659585E-01     -1.1637734589415215E-01     -2.3539280334488859E-03     -9.3994099458927019E-03     -2.6567426141531252E-03     
2000667                     +9.0942944157907603E-17     -2.4172754065474220E+00     -2.2947089125650746E+00     +4.5284687169114612E-01     +4.8150567935000390E-03     -7.6632423123605469E-03     -9.9169336320836733E-04     
2000124                     +8.8772708265623384E-17     -2.0264832491608109E+00     -1.2902483762103891E+00     -4.9998649397004136E-01     +6.7421020704193186E-03     -8.5358150609413201E-03     -3.1399593266051170E-03     
2000163                     +8.6580000000000006E-17     +1.9794170438782579E+00     +8.5832204874772533E-01     +2.3633918907093046E-01     -6.8160388498441646E-03     +9.4874319100007598E-03     +3.4493778593882207E-03     
2000568                     +8.5978021881831306E-17     +2.5037948258550138E+00     -7.0396548595511033E-01     +5.9708321626062644E-01     +3.8410998292429566E-04     +1.0407132763954375E-02     +3.3376901245859539E-03     
2000735                     +8.5976202637173235E-17     -2.9663720334025303E+00     -1.5025818519980458E+00     -3.3643056400606675E-01     +5.0835629865497107E-03     -4.6186952423218214E-03     -4.6079880147549433E-03     
2000058                     +8.4811739114660024E-17     +1.9751468725067372E+00     +1.8993848964528486E+00     +5.8361378538012754E-01     -7.3225378874490063E-03     +6.5249697106519325E-03     +2.4146945011175301E-03     
2000078                     +8.4019062534638874E-17     -2.2258064064799150E+00     -6.1123768563870540E-01     -5.4300918514042862E-01     +1.8754646867345504E-03     -9.9068863621790838E-03     -5.8719743208253856E-03     
2000195                     +8.3548198507378076E-17     +2.9270974077963556E+00     +1.9992717102360999E-01     +6.0605536349462613E-02     -1.0568312495157126E-03     +8.5434248496440816E-03     +5.0212988184417627E-03     
2000079                     +8.3518243314079403E-17     -8.5087275483474134E-01     -2.5579391799834084E+00     -9.3130055218505148E-01     +9.0847995989193665E-03     -1.8894737776154209E-03     -3.0519523295205003E-04     
2000322                     +8.2763495213043584E-17     +1.8201604225109827E-03     -2.5069323316044003E+00     -9.7026511168060880E-01     +1.0244398086611255E-02     +1.9424291265730869E-03     +2.2305248800178232E-03     
2000362                     +8.0870792881032834E-17     +2.0105189083676467E+00     -1.3344664214813278E+00     -9.4156637455675585E-01     +6.3157547327524037E-03     +7.6187031949723170E-03     +4.0181122802095586E-03     
2000464                     +8.0635184290055785E-17     +6.7194653753117917E-01     -2.2514301585139966E+00     -9.9337503625189705E-01     +9.9433777787960604E-03     +5.2484326560375142E-03     +1.6784060570635380E-04     
2000072                     +7.9950510449165411E-17     -6.9364282358218898E-01     +2.2943459398969797E+00     +7.4282828609400076E-01     -9.9851028603297129E-03     -2.0314971346435781E-03     -1.1613131943097443E-03     
2000365                     +7.7695552096218006E-17     -9.4210289267112179E-01     -2.9514000653090506E+00     -5.7950889361387858E-01     +8.8538082687227310E-03     -1.8885706965603801E-03     -1.4794382432754046E-04     
2000454                     +7.6808847746999987E-17     +1.2914892779981793E+00     -1.9482137565432707E+00     -1.1565339138518238E+00     +9.8043677155779489E-03     +4.0049240420374438E-03     +1.5271212468472108E-03     
2001021                     +7.6171409872842654E-17     -2.9319051406140164E+00     +2.4074269208950697E-01     +8.3761398120883435E-01     -3.6245455455492749E-03     -8.3555824724273562E-03     -1.4832017693093430E-03     
2000049                     +7.5494816293144014E-17     -3.1560747968435221E+00     -1.8407632782014864E+00     -1.0175834622060427E+00     +4.1224041391487182E-03     -6.0722015533307252E-03     -2.5089593881884391E-03     
2000424                     +7.3799853443752290E-17     +2.5593621509954310E+00     -7.2044246819697899E-01     -6.8339647221359667E-01     +2.3912670156915911E-03     +9.5576009604950319E-03     +3.4992800380121308E-03     
2000099                     +7.3526620138415914E-17     +2.4492733618893641E+00     -6.1506928562251639E-01     -8.9215406501029948E-01     +5.6984961716841304E-03     +7.8107616586987529E-03     +4.1113380841576470E-03     
2000043                     +7.2753938533407125E-17     +2.0141054045792877E+00     -3.0727880570571958E-01     +3.8121899377348598E-04     +3.5647283822586319E-03     +1.0955462995625099E-02     +4.9208022084514325E-03     
2000535                     +7.2538616434661140E-17     -2.3121443340569869E+00     +7.1336264523797122E-01     +6.1762200047968008E-01     -3.9501311751238433E-03     -9.5731005119048512E-03     -3.7533050990829534E-03     
2000025                     +7.2398415223662114E-17     +1.8666898484260792E+00     -3.2006037581286217E-01     +3.7056489145002364E-01     +4.0473013173636515E-03     +1.2788259969405996E-02     +2.0798550963254240E-03     
2000739                     +7.1382433975293479E-17     +2.5106514344813675E+00     -1.5040572861051431E+00     -8.3413457526231705E-01     +5.4283758918936892E-03     +7.5591053989921241E-03     -3.0067325238540305E-04     
2000363                     +6.9841945302118664E-17     +4.5189807240414126E-01     +2.4194768406470368E+00     +1.1287503344109773E+00     -1.0190819600996708E-02     +1.8162821381556202E-03     +1.9579020976369685E-03     
2000516                     +6.9599999999999999E-17     +3.1035538915476844E+00     +2.9699212347352610E-01     +6.3376981319891124E-01     +1.1289497921293337E-04     +7.1608524920962393E-03     +4.9762076166684913E-03     
2000599                     +6.9118774732740101E-17     -2.8916642401767092E+00     +1.2739628776160699E+00     +1.6410844615358724E+00     -4.6602177511378675E-03     -5.4942299946136560E-03     -2.7060669804504448E-03     
2000304                     +6.8832710966054010E-17     -2.7644834583022506E+00     +8.4251019439694719E-01     +3.9524870926505101E-01     -2.2487338338521416E-03     -8.5563875001629045E-03     -1.0722091357113583E-03     
2000082                     +6.6012607669307705E-17     +3.1646537294585140E+00     -5.1692123422854375E-01     -3.3007999128385818E-01     +3.7251526106357459E-04     +7.8800767414890817E-03     +3.8310186159953986E-03     
2000465                     +6.5399257724402354E-17     +3.4895106434123462E+00     +4.2772796981431871E-01     +4.7618406449764539E-01     -2.2492331075190563E-04     +7.6293704151759786E-03     +3.6873986930302228E-03     
2001036                     +6.4677672132374607E-17     -2.5021506918190193E+00     +2.4875155378906602E+00     -6.1589178086627994E-01     -6.6375463718945813E-03     -2.5135337734391652E-03     -1.8963567603207262E-03     
2000604                     +6.4260399533186429E-17     -2.4389898561912586E+00     -2.5529054785461831E+00     -1.2970229888231322E+00     +6.1464106192511804E-03     -4.4115926946253804E-03     -2.4405874445062544E-03     
2000431                     +6.3407783495216967E-17     +2.1308415965599394E+00     +1.7339827127103740E+00     +6.5645624533497404E-01     -5.6431329314689666E-03     +8.3652456026838198E-03     +3.6536873434209853E-03     
2001171                     +6.2485687084637610E-17     +2.5650450761471961E+00     -1.0710491519266669E+00     -5.5031411945392306E-01     +2.5944625230504307E-03     +9.7223254139455293E-03     +3.7573153405794789E-03     
2000053                     +6.2392433107751650E-17     -6.1951316854033978E-01     -2.8871376378940208E+00     -9.7362429117961136E-01     +8.4253005699582439E-03     -2.1607941119066174E-03     -1.2234092214636560E-03     
2000389                     +6.2251018387380329E-17     -6.8636807637443442E-01     +2.2867439085494325E+00     +9.7317525255715531E-01     -1.0062061493823538E-02     -2.6366732796031392E-03     -2.7932426145625515E-03     
2000598                     +6.1530641540755240E-17     -1.5040205334627976E+00     +1.9470254336429467E+00     +1.1743801669218519E+00     -9.6255556396527692E-03     -4.0956632211778428E-03     +5.2792543062477406E-04     
2000569                     +6.1123219726683135E-17     -3.1036644266245367E-01     -2.8473655291046445E+00     -1.2831826132481017E+00     +8.7344541655048711E-03     -8.5693895582757314E-04     -2.0295901554538524E-04     
2000760                     +5.8167921005732779E-17     +3.6746291510886957E+00     -1.1502832742007556E+00     -3.6763657525798854E-01     +2.3692513982929635E-03     +5.8939209374306561E-03     +4.3988878318207839E-03     
2000112                     +5.7960397015532352E-17     +2.1057706967299614E+00     +4.2397761986526722E-01     +2.6426054577640479E-01     -2.0860432354168693E-03     +1.1008281307288221E-02     +5.2039282415065752E-03     
2000369                     +5.7345815663368579E-17     -2.4573867561487579E+00     +1.0421829892291283E+00     +1.0262883057996905E+00     -4.9418432649080005E-03     -8.1192280517892266E-03     -2.1367246686059024E-03     
2000336                     +5.6429999999999999E-17     -6.5359606929466507E-01     -1.7948340558566456E+00     -7.1895028488253343E-01     +1.1949737114957100E-02     -3.9021134138806641E-03     -4.0126571339764992E-04     
2000063                     +5.6404017439762427E-17     -7.0700512507650470E-01     -1.7262823341485183E+00     -9.7997969501845950E-01     +1.1957522730617872E-02     -3.4634987057818286E-03     -1.4021099136150498E-03     
2000442                     +5.5534656287469117E-17     +2.4425719804666843E+00     +5.0116947010956880E-01     -1.8106322741696691E-02     -1.5993404926183663E-03     +9.8329214706277153E-03     +3.5347563663306303E-03     
2000115                     +5.5258241903855268E-17     -2.1279003632383726E+00     -1.4062636944046147E+00     -1.2306220154222656E+00     +5.7181447640076207E-03     -6.5763011014714472E-03     -2.8862865068504276E-03     
2000415                     +5.4001214087434229E-17     +2.2527485831434184E+00     -1.0121414089856232E-01     -2.9935233283095469E-01     -2.0607052641418299E-03     +1.1559037815258593E-02     +4.0958753189221098E-03     
2000338                     +5.1407683428632203E-17     -2.8990894393832249E+00     +4.7105745752678740E-01     -9.8934245078609914E-02     -1.4261519230316822E-03     -8.8555733436416467E-03     -4.3575385872114550E-03     
2000329                     +5.1143093942960568E-17     -1.4381140728290420E+00     +2.0056237095469758E+00     +2.7276594334248577E-01     -8.7200160824501792E-03     -6.4724748409384098E-03     -8.0316503309343804E-04     
2000060                     +5.0911367830144641E-17     -2.0492555866249167E+00     +5.4338567761399781E-01     +1.6787048666262991E-01     -5.0541070122801218E-03     -1.0629715375568569E-02     -3.9272898890549092E-03     
2000593                     +5.0188993452074918E-17     -4.2164044603920148E-01     -2.8743058390793301E+00     -1.3515842162230247E+00     +8.0429691060901389E-03     -7.9544195593534068E-04     -3.0914259428587395E-03     
2000752                     +4.9982048125892481E-17     +2.0533152584385137E+00     +1.2425407817411156E+00     +3.1822821520781241E-01     -6.4541114385089976E-03     +8.0441277865135104E-03     +4.2998843390374556E-03     
2000077                     +4.9312955095007287E-17     -2.6857442126392193E+00     -1.0246188722621321E+00     -4.9263247866213272E-01     +2.9009721951700584E-03     -8.2092400352587868E-03     -3.9885675376846773E-03     
2000287                     +4.8033737856096102E-17     +2.2767726620139448E+00     +6.8314936040366947E-01     -6.0648993071852848E-02     -2.7586831666747010E-03     +1.0306828540120595E-02     +3.1466496740805423E-03     
2000778                     +4.7743547738799828E-17     +2.5832730494997533E+00     +4.8544653609499983E-01     +7.4692412620490867E-01     -5.6070324878034596E-03     +8.3384125946889976E-03     +4.8118984938886073E-03     
2000044                     +4.6886407201292200E-17     -1.1764392575657898E+00     +1.5556334786838306E+00     +6.5687750050017668E-01     -1.0685925294294536E-02     -6.8258686835558071E-03     -2.0636605335220578E-03     
2000177                     +4.5372886294250988E-17     +2.0122988013995360E+00     -1.0221589681522660E+00     -4.6209451419842223E-01     +4.1043868541951320E-03     +1.0486082372722071E-02     +4.8726678489355493E-03     
2000075                     +4.3573746250771268E-17     -3.1963397963530165E+00     +1.2217425670837740E+00     +6.6301883973025133E-01     -3.1487743836981202E-03     -6.1491906370540281E-03     -3.3321163216983060E-03     
2000172                     +4.3177157644920528E-17     -2.3808261773094435E+00     -6.1934066694196865E-01     -6.2020487514833489E-01     +4.3780404252658891E-03     -8.1654953117168208E-03     -4.7555858004342541E-03     
2000914                     +4.1172682683995418E-17     +6.0274844549366779E-01     -1.8272084369254784E+00     -2.7368873292998597E-01     +1.1446361496322801E-02     +3.3196023160915944E-03     +6.4905322763119761E-03     
2000224                     +3.9520590343452718E-17     +1.3113430612994930E+00     -1.9085530351080737E+00     -1.0523335799682165E+00     +9.5279053281727144E-03     +4.7430231420545980E-03     +2.7818497956000545E-03     
2000485                     +3.6737960799234177E-17     -6.7988023445999102E-01     +2.0985533810903001E+00     +3.2935998606224093E-01     -1.1963175471337502E-02     -3.5643961449265873E-03     -1.3565529165105242E-03     
2000337                     +3.4515074511865959E-17     +2.0619426892186024E+00     -1.3213958095227889E+00     -7.8071001188383404E-01     +5.1876764389150584E-03     +7.5968206645093007E-03     +4.6730081376566961E-03     
2000111                     +3.3519192811280561E-17     -2.0607334635172703E+00     -1.3944256639440358E+00     -8.5090521019180021E-01     +5.6177562696843701E-03     -8.1263671146031002E-03     -3.5981390978702069E-03     
2000547                     +2.8123577458657678E-17     +1.6808019317682326E+00     +1.2676502454313812E+00     +2.7434257692556591E-01     -7.6445156511877645E-03     +1.0659454543638331E-02     +7.7386561082792653E-04     
2000118                     +2.7000759625981351E-17     +2.2904592574915976E+00     -6.0423463043919623E-01     -5.9382671749947613E-01     +1.9598917040163054E-03     +9.6132022069157497E-03     +5.0262023806317531E-03     
2000113                     +2.5580213924578190E-17     -8.4114742685677479E-01     +2.0424713770331309E+00     +8.3471159793474192E-01     -1.0062346832095448E-02     -4.8576575809957181E-03     -1.0420715485065135E-03     
2000347                     +2.1949122177817369E-17     -8.6076687505901583E-01     +1.9136316014341983E+00     +1.0576865776177207E+00     -1.0025056899013845E-02     -6.1386742343759624E-03     -4.9260711238495903E-04     
2000584                     +2.1760595614159460E-17     -2.4992077730773441E+00     -9.9739303032921045E-01     -9.9629901318352831E-01     +4.8996802844897009E-03     -7.1544887976649051E-03     -2.4609582135586778E-03     
2000198                     +2.0538576829083310E-17     +5.4839434535048381E-01     +1.9424387667585323E+00     +9.3259372875717850E-01     -1.0661627892124510E-02     +5.6667418249219011E-03     +5.4480596619212022E-04     
2000591                     +2.0038393509521630E-17     +3.0059765190563148E+00     -8.7162532330745524E-01     -2.7140888953252240E-01     +3.4119277156757786E-03     +6.5209970429397400E-03     +4.9186138224699512E-03     
2000432                     +1.8780122958989279E-17     +1.3561893828808789E+00     -1.3498196479793925E+00     -9.0684141422908204E-01     +9.9524162983670866E-03     +7.4218127921286585E-03     +9.1186128721445852E-04     
2000623                     +1.4497976797693291E-17     -2.4049637310159078E+00     -4.6475838756716042E-01     -8.5129723180644867E-01     +2.3425100634646536E-03     -8.7569885692491828E-03     -5.0277386641080441E-03     
2000132                     +1.3196141221701560E-17     -4.7569133134804892E-01     +1.6544900579359001E+00     +3.2000988382743478E-01     -1.1838083182491374E-02     -5.3240413551045073E-03     -7.4863052341411331E-03     
2000585                     +1.1716991540679400E-17     +1.9172937951139575E+00     +1.5402460069377100E+00     +4.4117820718273792E-01     -7.9078812282525231E-03     +7.0046424845426536E-03     +1.9788270216892345E-03     
2000433                     +9.9000011897959024E-19     +1.0571377517625615E+00     +6.5287532292817307E-01     +5.6091007755344402E-01     -1.1649465412488472E-02     +9.3077606080712357E-03     +3.1964218845168470E-03     
LunarMantle                 +NaN                        +5.1283003141185347E-03     +3.8239278420173689E-01     +1.2941670027487830E+00     +4.5737241859914332E-05     -2.1898617456729491E-06     +2.2994486018992250E-01     
LunarCore                   +NaN                        -2.4199092704068411E-03     +4.1101946488652730E-01     -4.6309468558363681E-01     -6.6183677224782439E-03     -1.0729544515900510E-03     +2.2964879652299730E-01     
1000000001                  +NaN                        -1.6266592104301078E-04     +NaN                        +NaN                        +NaN                        +NaN                        +NaN                        