Spice ID                    GM [au^3/day^2]             x [au]                      y [au]                      z [au]                      vx [au/day]                 vy [au/day]                 vz [au/day]
10                          +2.9591220828559109E-04     -7.1364551999907426E-03     -2.6470233282205029E-03     -9.2294847095861557E-04     +5.3784592957185733E-06     -6.7581859996490920E-06     -3.0328494876565658E-06
199                         +4.9124804503647600E-11     -1.3723006082208306E-01     -4.0324074455133690E-01     -2.0141225082211953E-01     +2.1371774140609891E-02     -4.9330579272847171E-03     -4.8504658610224799E-03
299                         +7.2434523326441197E-10     -7.2543875152346327E-01     -4.8921270399804061E-02     +2.3717689928343229E-02     +8.0349598584486808E-04     -1.8498595670840823E-02     -8.3727681782353840E-03
399                         +8.8876924451256342E-10     -1.8427155500339445E-01     +8.8478149910723403E-01     +3.8381995014030018E-01     -1.7202246607562525E-02     -2.9049259136469858E-03     -1.2594279020399295E-03
301                         +1.0931894507423740E-11     -1.8622083665707945E-01     +8.8299860719705603E-01     +3.8331123644228166E-01     -1.6830576131430384E-02     -3.2896237419243733E-03     -1.4334580587707952E-03
4                           +9.5495486955507705E-11     +1.3835794665468741E+00     -1.2458049136983484E-03     -3.7883115552126145E-02     +6.7687797190540890E-04     +1.3807279333238333E-02     +6.3148675769914599E-03
5                           +2.8253458408338699E-07     +3.9940406721884729E+00     +2.7339318349730535E+00     +1.0745891316880551E+00     -4.5629351249463846E-03     +5.8747039711595913E-03     +2.6292699854468709E-03
6                           +8.4597060732450306E-08     +6.3992724019779601E+00     +6.1720107734681076E+00     +2.2738478333021601E+00     -4.2869734170880086E-03     +3.5215863786401598E-03     +1.6388986695893713E-03
7                           +1.2920248257829600E-08     +1.4424720184230882E+01     -1.2508914106474071E+01     -5.6826124583005928E+00     +2.6834839791881546E-03     +2.4552459318671919E-03     +1.0373766885329906E-03
8                           +1.5243573478851101E-08     +1.6804909573443631E+01     -2.2982747693888069E+01     -9.8253501877447196E+00     +2.5846524662338365E-03     +1.6616670785582742E-03     +6.1578247114325196E-04
9                           +2.1784410519741800E-12     -9.8824901659219826E+00     -2.7981516546831006E+01     -5.7546134904214483E+00     +3.0341292593250645E-03     -1.1343520284510438E-03     -1.2681626835987880E-03
2000001                     +1.4004765561723440E-13     -2.3864641275465752E+00     +5.4302408611461783E-01     +7.4030239240437168E-01     -3.5788503395260819E-03     -9.8519756855106905E-03     -3.9075766297932621E-03
2000004                     +3.8547501878088103E-14     -1.3607166739514140E+00     -1.6232031338463375E+00     -4.6928988744057559E-01     +9.6301834847816823E-03     -6.4224556465786479E-03     -3.8153378225354966E-03
2000002                     +3.1044481989387133E-14     -8.4827394569654313E-01     +1.9417982758309000E+00     -3.2837707391391091E-01     -1.1732158609106385E-02     -5.3070924284223005E-03     +1.8597889126207620E-03
2000010                     +1.2358007872941250E-14     -2.3811991566200357E+00     -1.2745754165799947E+00     -7.4656434316264431E-01     +6.1151031445619130E-03     -8.3197402361636034E-03     -3.3272843743896311E-03
2000031                     +6.3432804736486023E-15     +2.9844345783358732E+00     +6.1632398776140587E-02     -9.6059581680416750E-01     -1.9597690746070545E-04     +6.6562080812519299E-03     +7.0570833292999671E-03
2000704                     +5.2561686784936620E-15     -1.3638895511522735E+00     -2.4928816128708919E+00     -1.7205009701401000E+00     +8.2165224980120053E-03     -3.6845745782812093E-03     +9.5768999587400713E-04
2000511                     +5.1981269794574977E-15     -2.6309557460547434E-01     -3.5729051087448291E+00     -1.1194942256581701E+00     +7.7325218563733733E-03     +7.7089343402658557E-05     -2.1827680408482045E-03
2000015                     +4.6783074183509050E-15     -2.5945354133990097E+00     +1.2233771447497876E+00     +9.8176471830037984E-02     -5.1701202020092863E-03     -6.7516379906364049E-03     -4.7327222832147424E-03
2000003                     +3.6175383171479368E-15     +3.7704118551829974E-01     -3.0424445896410077E+00     -5.8785651154202101E-01     +8.4168386092889780E-03     +2.8219807271804235E-03     +2.0115311417619894E-04
2000016                     +3.4115868261938121E-15     +2.4955467093449095E+00     -4.9896667808942202E-01     -2.6014888536807901E-01     +1.7362681235293623E-03     +1.0525441030061889E-02     +3.9374258425030253E-03
2000065                     +3.1806592826525409E-15     -2.6028960767352993E+00     +2.3419929062375222E+00     +9.3189246814810900E-01     -5.5379593952087783E-03     -6.4588385081732116E-03     -2.2275150009394796E-03
2000088                     +2.5771141273110471E-15     +5.9375827820829163E-01     -2.1060498999967407E+00     -8.8068000050409267E-01     +1.1341577928991563E-02     +3.0561173899285878E-03     +2.4915302797990048E-03
2000048                     +2.5310917260150679E-15     +2.1597606334706185E+00     -2.3293954187744439E+00     -6.9026175946878576E-01     +6.5852320566030971E-03     +6.2810956093372209E-03     +1.9622559609977813E-03
2000052                     +2.4767881012558671E-15     -2.7498759697627504E+00     +7.1325776748310910E-01     +5.3547132272492914E-01     -3.7917135766726549E-03     -9.3658461216719058E-03     -2.7675746376078373E-03
2000451                     +2.2955593906374618E-15     +1.7165227339744615E+00     -2.2383264433707919E+00     -1.4891976648620275E+00     +7.2064051687248127E-03     +6.0445056366237810E-03     +4.9884048066661812E-04
2000087                     +2.1992951735740729E-15     -1.9571571794356785E-02     +3.1802047684575263E+00     +1.5945476420949496E+00     -8.8422662325914857E-03     -1.3987449839986815E-04     +1.7458532176931084E-03
2000007                     +2.1364344425714072E-15     -1.1779881558836764E+00     +1.7104285260969165E+00     +5.8682519518058396E-01     -1.1398735179793233E-02     -3.6344659060287281E-03     -2.6778505631379246E-03
2000423                     +2.1124383605999520E-15     -1.3022100514130830E+00     +2.4601694510250249E+00     +1.5470047987045650E+00     -8.4105312878447209E-03     -4.2836940887356545E-03     -4.5907600739207691E-04
2000029                     +1.9758423651245199E-15     +2.1616148056638951E-01     +2.0636858415754480E+00     +1.1712689818422635E+00     -1.1403763834742285E-02     +1.2611045479939251E-03     +6.3172545535039029E-04
2000024                     +1.8939016675253820E-15     +2.8693998466326298E+00     -1.8866705671206159E+00     -8.6656486024171508E-01     +4.9924961720786264E-03     +6.2940169315341072E-03     +2.7667639719519033E-03
2000013                     +1.7970048945074460E-15     +1.1864447888909679E+00     +1.8745901441698674E+00     +1.0520807171994253E+00     -9.9164206264210006E-03     +2.7642006544859148E-03     +4.4145739898074753E-03
2000790                     +1.7558991833247000E-15     -2.7866428528439471E+00     +2.6416091579523355E+00     -2.2725603760196617E-01     -4.4519822564896240E-03     -5.9539831775943545E-03     -3.4618942490989863E-03
2000372                     +1.7459557262705000E-15     +2.8880583071717623E+00     -1.1950430659804663E+00     -2.5427812195366872E-01     +6.5378704101852687E-04     +6.8695663810699574E-03     +6.8165048272491114E-03
2000107                     +1.6717209917006440E-15     -1.2700773250681160E-01     +3.1352207319916960E+00     +7.5262450877346354E-01     -9.8697939115794785E-03     -7.6582270489945878E-04     +2.5795346008780854E-05
2000354                     +1.5850986571596891E-15     +1.1743507278413658E+00     +2.4587282141301836E+00     +1.4642532720752355E-01     -9.6932092069577647E-03     +3.2116104382236880E-03     +2.5179660214429802E-03
2000096                     +1.5465676956243251E-15     +2.4218980591465535E+00     +1.4906904662570128E+00     +1.6038657026299026E+00     -6.6826861277915432E-03     +5.6634539726458221E-03     +2.7153544963711708E-03
2000386                     +1.5079333711965190E-15     +1.4993430558208529E+00     -2.3153412307027228E+00     -2.6687023003292981E-01     +7.7445639167731759E-03     +7.1557775351042312E-03     -1.4650721374864119E-04
2000039                     +1.4975196825567009E-15     -1.9349361144180310E+00     -2.2329254772342484E+00     -4.1272854713685547E-01     +7.7741450062451100E-03     -5.3126329528975615E-03     -1.8708623365239262E-03
2000324                     +1.3886265898561990E-15     +5.2842898877336053E-01     -1.9741593983907937E+00     -1.2109033543471170E+00     +9.9795476837272711E-03     +4.6472678862953922E-03     +4.2220272995951765E-03
2000011                     +1.3315362554599750E-15     -1.9335258059125953E+00     -1.4985990453517204E+00     -4.3227477016469235E-01     +7.6068395178883214E-03     -7.0909599961233305E-03     -3.2190150679718009E-03
2000094                     +1.2792300000000001E-15     -2.6790099767438362E+00     -1.8131335958126795E+00     -1.0847994137984436E+00     +5.3220592252941580E-03     -6.1427178003588406E-03     -3.7932502175290401E-03
2000022                     +1.2026244434834601E-15     +9.4595764819826522E-01     -2.4712890957267732E+00     -1.6142189745026330E+00     +8.5041682818963113E-03     +4.1125563943120117E-03     +1.2040212935651551E-04
2000120                     +1.1889849499520080E-15     +7.6358240292028715E-02     -2.5974550215853869E+00     -1.4978465139051478E+00     +1.0119232527494797E-02     -3.9355827260283057E-04     +2.2067643214942640E-04
2000185                     +1.1355858944839220E-15     -1.5868399111323572E+00     +2.2686960630830071E+00     +3.6756108126609788E-01     -8.8809225010109266E-03     -4.8134445539440539E-03     +1.3617396180582090E-03
2000014                     +1.1006456795750681E-15     -3.5138000926317031E-01     +2.2140680377004909E+00     +1.0462409534249446E+00     -1.0511122480214623E-02     -3.7429771678380215E-03     +1.7532415326155859E-04
2000536                     +1.0975631032822509E-15     -1.4420957647633541E+00     +2.4855574582733886E+00     +2.1643136171747259E+00     -8.0399689535331307E-03     -3.9021666172298522E-03     +2.9356150539206025E-04
2000009                     +1.0778410042407301E-15     -3.0368507539760287E-01     -2.4126017379443971E+00     -1.1175796017720452E+00     +9.7964516719081882E-03     -4.2781367233080933E-04     -1.1914702815588303E-03
2000165                     +1.0684599027046931E-15     +1.4111648475188667E+00     +2.4401121811165702E+00     +1.6553138124002207E+00     -7.9419730836116920E-03     +4.6592429690879827E-03     +1.1269363176731766E-03
2000019                     +1.0356448401311940E-15     -2.4599681327305314E+00     -1.2928784587596978E+00     -5.6273667369610580E-01     +4.5786055413255229E-03     -7.6281384819380993E-03     -3.0268346020753813E-03
2000130                     +9.9366295459092486E-16     -3.4405719488600326E+00     +7.3297651107646478E-01     +8.2329254393150764E-01     -2.9268634893930760E-03     -7.7896278090799345E-03     +8.5538788621810331E-05
2000128                     +9.6501295105487519E-16     +2.3841302832735947E+00     +2.4650109124040184E-01     -1.6603669408617391E-01     -1.1225471072932041E-03     +1.0546658080706643E-02     +5.0295133744231550E-03
2000187                     +9.4193644635953110E-16     -2.1715301620119418E+00     -7.2393055231294551E-02     +1.3162926792368110E-01     +1.4604640679123761E-03     -1.0603064177397360E-02     -7.0789520154478187E-03
2000041                     +9.3242237621988685E-16     +1.8090781566118166E+00     -1.7911985236576000E+00     -2.5638470461326007E-01     +9.6665886068449842E-03     +5.4777665819050357E-03     +6.5921284191072533E-04
2000532                     +9.3159485940656196E-16     +3.8339210054141398E-01     +2.6607326589623379E+00     +7.6911534940706305E-01     -9.8447019594727729E-03     -1.1836379312632492E-03     +2.4879414357702771E-03
2000085                     +9.2540854530185373E-16     +1.8973655819619502E+00     +1.4009709276951701E+00     +4.7039723139839418E-01     -5.3862388399900365E-03     +1.0078781735973021E-02     +1.7630915867555340E-03
2000444                     +9.0708048441145045E-16     -2.9288050211334489E+00     +1.3698428657344333E+00     +1.8280526829014865E-01     -4.1353539378360957E-03     -7.4281089215470922E-03     -2.0008419320421012E-03
2000702                     +8.8950672849270447E-16     -2.9295098806795825E+00     -1.6753972831944966E-01     -1.2896197224787145E+00     +2.4985801620029239E-03     -8.3913840187657563E-03     -3.9896872510075641E-03
2000137                     +8.5612605995538922E-16     -3.3107126048098454E+00     +1.6935071856791419E+00     +2.8588007465709650E-02     -2.7665904991415178E-03     -7.3426258141381893E-03     -1.6805962786482645E-03
2000471                     +8.4594307289596827E-16     +6.1064549358561915E-01     -2.6360371084527343E+00     -1.4108620051959229E+00     +8.3734772097485196E-03     +4.6192882127103797E-03     -3.0362718761326021E-04
2000045                     +8.4256780185679339E-16     -2.4292343172819324E+00     +9.8533415629910481E-01     +4.7241636119552366E-01     -3.5533961367810170E-03     -9.6470817817786471E-03     -2.8745835943339093E-03
2000006                     +8.3124192126733721E-16     +1.9124145459828568E-01     +2.0948133685404473E+00     +4.1841048244673185E-01     -1.1788948537013285E-02     +2.7118565403660838E-03     +2.6378012371058540E-03
2000076                     +8.3122000000000012E-16     +3.4114165235778420E+00     -1.0861467525866360E+00     -3.7127802567131130E-01     +1.4707108695771797E-03     +8.0574378627877689E-03     +3.2004207639762406E-03
2000154                     +8.2983887671636944E-16     +3.3629028445470288E+00     +3.0877776365005627E-01     -7.2289778157287121E-01     +7.6481539146893731E-04     +6.7929139648560911E-03     +5.5888357746184782E-03
2000409                     +8.2144999999999987E-16     -1.4847079970298549E+00     +2.1292597494263958E+00     +4.2662678597456966E-01     -8.0651389096523599E-03     -5.8017226907445905E-03     -3.3973828320310994E-03
2000145                     +7.5582329262288917E-16     +1.3859823171729895E+00     +1.9507080056303894E+00     +6.2155396673505103E-01     -9.7589064999724379E-03     +3.8187739642763195E-03     +4.2578579143319672E-03
2000308                     +7.2405478852581394E-16     -2.0918990366893455E+00     +1.8325685668436797E+00     +6.2810957154234748E-01     -6.6936727334367544E-03     -7.0275503608549028E-03     -2.4498037189927459E-03
2000121                     +7.0079069220413433E-16     -3.1522919994675727E+00     -2.1780933872521411E+00     -5.9848528585638294E-01     +5.1545194191036829E-03     -5.4243139979750802E-03     -3.3268943155597120E-03
2000349                     +7.0078739271302920E-16     -2.7420563511271379E+00     -1.4820832680321450E+00     -6.2270016645122384E-01     +4.7957800840556447E-03     -6.6345868728410222E-03     -4.3218002236276865E-03
2000144                     +6.9951633549830869E-16     -2.9727236745701893E+00     -1.2841787320445892E+00     -3.1933167640693444E-01     +3.9038074587242691E-03     -6.6579878905436906E-03     -3.3920440383832348E-03
2000216                     +6.9079712474674255E-16     +6.1473123344204506E-01     +2.0198429715676856E+00     +5.4024602658901433E-01     -1.1596840902375513E-02     +5.4946265131873362E-03     -3.5451683331965854E-04
2000059                     +6.3394427275876513E-16     +6.3155916129193501E-01     +2.3370295613339436E+00     +6.0562889439040235E-01     -1.0608527154854875E-02     +3.6580299637245716E-03     +1.2503323075753884E-03
2000259                     +6.2808585539363831E-16     +2.1852847605591594E+00     +2.5997104445454591E+00     +6.9935491080638446E-01     -6.2604493646287234E-03     +4.9728748839762233E-03     +3.5161854067151093E-03
2000566                     +6.2674000000000000E-16     +1.9493009326941169E+00     -2.2621100665843721E+00     -1.2003753258232166E+00     +7.1949838464857828E-03     +6.3124684707631775E-03     +2.1733503787171740E-03
2000747                     +6.2157460662366884E-16     +1.8089401273009664E+00     +8.0622804144725435E-01     -2.9123108071671316E-01     -6.3790517703653403E-03     +1.1783448114974249E-02     +3.9850301272486123E-03
2000008                     +5.8942565297069081E-16     -8.0732295224948292E-01     -2.2009490402583123E+00     -7.7627998870396264E-01     +9.9695076749922763E-03     -1.8483399462449614E-03     -1.7501616654450733E-03
2000093                     +5.6477307179764760E-16     +2.0633428027663809E+00     -1.1353657109295565E+00     -7.3697543726904469E-01     +7.1758820061804196E-03     +7.6498452402937994E-03     +4.6764083671261905E-03
2000054                     +5.6241736501924590E-16     -2.8723133356487702E+00     +2.9606694655187527E-01     -3.2240502383792985E-01     +1.5307965860503437E-03     -8.3189587048235220E-03     -4.8574216160692371E-03
2000405                     +5.5764804768085391E-16     +2.9744253777873566E+00     -5.9593948206758240E-01     +4.2891656283709634E-01     +2.5261164230241432E-03     +7.7398975249516281E-03     +3.4251518054594548E-03
2000047                     +5.5435235615988891E-16     +2.0620156831413530E+00     +1.6461396347098285E+00     +8.7905505696083897E-01     -5.9555954270455354E-03     +7.5499460641382278E-03     +4.1210407947608130E-03
2000489                     +5.4846724291131712E-16     -1.1744559033881636E+00     +2.8087337449428564E+00     +5.9309482047559825E-01     -8.9741270304604850E-03     -4.0338329170531229E-03     -3.1440059443886272E-04
2000106                     +5.3973999999999977E-16     -1.8885238975254854E+00     +2.1789081597186293E+00     +1.1926507884623025E+00     -8.7075542369091964E-03     -4.3091386768450979E-03     -1.3715910634296772E-03
2000344                     +5.3689097042583348E-16     -1.9735232101019853E+00     -1.0015689997411839E+00     -1.3166408756836687E-01     +7.7764025214708240E-03     -6.5771024448912736E-03     -7.0860963900750478E-03
2000168                     +5.3470999999999977E-16     +1.8527344939362529E+00     -2.5822128502004844E+00     -8.3333532735091354E-01     +7.6212832079777977E-03     +5.4277100510558987E-03     +2.1996563007240836E-03
2000238                     +5.2966693580739110E-16     +1.3727245293810945E-02     +2.6974907834362130E+00     +5.2728396632433994E-01     -1.0600649696845255E-02     +8.6986838840959939E-04     -2.7488195652394659E-06
2000268                     +5.2669011092543478E-16     -6.0940734768277072E-01     +2.7511993667254155E+00     +1.1457375931768996E+00     -9.3956833389740764E-03     -3.1161046907028497E-03     -9.0069700070124624E-04
2000069                     +5.1446100208767355E-16     -2.2991387025393566E+00     +1.1262093158980024E+00     +2.6695260492340711E-01     -6.0646777624987621E-03     -9.3670052723550806E-03     -2.5766062583931389E-03
2000712                     +5.0204242212925650E-16     -7.0856994151637032E-01     -2.7771546355745316E+00     -8.8870588731231659E-01     +8.8614951716514401E-03     -1.6969109591047694E-03     +1.1392862249409107E-03
2000420                     +4.8352000000000002E-16     -1.3350826236818834E+00     +2.8345683417201935E+00     +9.1092376127548502E-01     -8.8455252263791775E-03     -3.3614553813426915E-03     -2.2455669595380272E-03
2000104                     +4.8122396678018733E-16     -3.1493250121897924E+00     -1.2855352248541976E+00     -4.9973192482376433E-01     +2.5417892683606740E-03     -7.6465505900080947E-03     -3.7423602067737632E-03
2000690                     +4.7637535316542469E-16     -2.1788661294458108E-02     +2.7639988142758849E+00     +1.0121239010176237E+00     -9.9869419383681792E-03     +2.3110669517087817E-03     -1.1834367067973973E-03
2000129                     +4.6542452473979754E-16     -2.5243586803999949E+00     +1.0694931875215651E-01     +4.1063297417756234E-01     +1.1710586901092978E-03     -1.0883185472818978E-02     -2.9954336506847357E-03
2000618                     +4.6386880160793903E-16     -3.0129067234883204E+00     +1.1289057600560590E+00     +1.2385106486786150E+00     -3.6577467633674599E-03     -7.9916900331948176E-03     -1.3734883456062220E-03
2000375                     +4.5585992488069247E-16     +1.6372193385418901E-01     +2.5651467627780447E+00     +2.0385010265640955E+00     -9.0874778906760139E-03     +1.6706486036131461E-03     +5.1662419117408064E-05
2000814                     +4.5559595663772374E-16     +1.3009325755700809E+00     +1.7761032358904687E+00     +2.1402541166963623E-01     -8.6027632318199931E-03     +7.1178889959339466E-03     +6.9250957005587655E-03
2000150                     +4.5336468487968124E-16     +9.4015624702882328E-01     +2.4521017371373834E+00     +9.8222089426113524E-01     -9.4393819256934058E-03     +4.4359659732260128E-03     +1.5713814179522875E-03
2000196                     +4.5014136561179280E-16     -3.1062806419746405E+00     +4.7658351686149007E-02     +4.4045458284848948E-01     -4.8633602603395079E-04     -8.7635779600109594E-03     -4.1345666588479164E-03
2000117                     +4.4713680178417893E-16     +6.9013109760963165E-01     -2.3511996394032098E+00     -1.7988183375061551E+00     +9.4756960400491780E-03     +1.6222126564370909E-03     +1.8592443306675588E-03
2000139                     +4.2242882143774452E-16     +3.1212280094841658E+00     +5.9006685339409837E-01     +3.7655001541703664E-01     -2.6749884789841918E-03     +6.9422950293465966E-03     +4.7719774015934704E-03
2000164                     +4.1832602031724900E-16     -1.8619864174842189E+00     -2.3514968734854929E+00     -3.7382461652343163E-01     +7.6650456551582624E-03     -1.5973904871376939E-03     -4.7690290897400844E-03
2000225                     +4.1456571725352779E-16     -3.3827158926812895E+00     -6.3540195629238116E-01     -3.9823453800737424E-01     +4.0649802709371557E-03     -8.2061349511776301E-03     -5.7576467712754261E-05
2000147                     +4.0681729177164312E-16     -8.1486466033844351E-02     +2.8895525519238086E+00     +1.2086416733592680E+00     -9.7005054964713622E-03     +2.1366814657521743E-04     -2.4198124900086100E-04
2000092                     +4.0369435176860728E-16     +2.5920356725876799E+00     +1.3864965893823717E+00     +6.6550177956720136E-02     -4.0426638026572334E-03     +8.6425984853025044E-03     +4.1221902025327809E-03
2000146                     +3.9415999999999998E-16     -2.5269372703195359E+00     +9.5098918943901739E-02     +6.8537778751715694E-01     -9.5579057781681131E-04     -9.9066216715111254E-03     -4.3259325138868161E-03
2000173                     +3.9124285470831010E-16     +1.2177605143422707E+00     -2.1256456181998011E+00     -5.8595601569587863E-01     +8.5189087278071830E-03     +7.3670122080154755E-03     +3.4362205807744788E-04
2000027                     +3.8880038985457882E-16     +7.6980993144368892E-01     -2.3981187757547433E+00     -1.0561982325610597E+00     +8.9713487105042393E-03     +3.0236437300796225E-03     +1.0334805466840232E-03
2000212                     +3.8674996577516789E-16     +3.2555832459495371E-01     +2.4733059197593441E+00     +1.2476494543780321E+00     -1.0628267623799460E-02     +1.8978408503837686E-03     +3.0300736436561325E-04
2000596                     +3.8350891708780020E-16     +9.3762668901003809E-01     +2.9768768738283296E+00     +1.3438205256507190E+00     -7.9905077023510167E-03     +1.0410012338845122E-03     +2.7992581650657603E-03
2000895                     +3.7864750330894842E-16     +2.7762316662292577E+00     -1.3027029913855210E+00     +9.5206968501594880E-01     +1.0848080461778528E-03     +8.6692723732755446E-03     +3.8767363053461342E-03
2000141                     +3.7661406016708328E-16     +1.9440515876025510E+00     +4.4700653765249604E-01     +6.0111032024867572E-01     -4.2769635073920797E-03     +1.0759032874307631E-02     +6.1460748497793689E-03
2000005                     +3.7487362845520318E-16     -2.1571210336533482E+00     -6.3108689059112677E-01     -8.7815400808061175E-02     +1.6700917506676325E-03     -1.1395045968116404E-02     -4.0760773148965567E-03
2000105                     +3.7154667975341450E-16     +1.9564574303323543E+00     -1.1433159400529627E+00     +6.2381090442660596E-02     +7.4709844737065991E-03     +8.9104537279595282E-03     +7.4004997816789510E-04
2000056                     +3.6992883127021258E-16     +1.9435879588139946E+00     -7.4677684565039326E-01     -1.4070133380573346E-01     +6.2576578265052746E-03     +1.0909234235603478E-02     +3.2607213263529831E-03
2000057                     +3.6806019206396510E-16     +2.5832378751153917E+00     +1.0240754811252126E+00     +3.9249016599856051E-01     -4.6464728172722937E-03     +9.6634389258813888E-03     +1.1250949522355728E-03
2000419                     +3.6781999999999998E-16     -2.1895378885405834E+00     -5.9195155967344615E-01     -3.4810740925042066E-01     +6.0711796324609772E-03     -9.8196991476959088E-03     -3.4091668496451341E-03
2000127                     +3.6611682430617228E-16     +2.4111992185931110E+00     -1.3136629249276794E+00     -9.8424594840484780E-01     +5.2120611328225147E-03     +7.2925956026359227E-03     +3.8391402182807494E-03
2000490                     +3.6414973977832911E-16     +7.1220498118645537E-01     +2.8076276591710432E+00     +7.0589942901893021E-01     -9.6960325975548513E-03     +3.1585801917939789E-03     +8.3734931343035235E-04
2000410                     +3.6186546970297339E-16     -2.0175467437185288E+00     +2.0548400570445584E+00     +1.2470611552322455E+00     -5.4684711706020316E-03     -6.8993998155166296E-03     -1.6623063341554914E-03
2000654                     +3.5953000000000000E-16     +6.6122080140128692E-01     -2.4650023041774634E+00     -9.7412774187754181E-01     +8.8575055785676104E-03     -2.3725783938295615E-04     +3.0725850168953710E-03
2000381                     +3.5934934807617610E-16     +2.1615853823093980E+00     -1.8636730132148538E+00     -9.4269856017997766E-01     +7.4264240967964815E-03     +7.0017196402075814E-03     +6.3280485761161144E-04
2000074                     +3.5073744512956140E-16     -2.8130454668642955E+00     -1.7272720738946490E+00     -6.7765087947827030E-01     +5.3571571831412725E-03     -6.0771460364723489E-03     -2.0398288159034837E-03
2000388                     +3.4333444128591692E-16     -8.9627902929444087E-02     -2.5146498778338966E+00     -1.4440796476750288E+00     +1.0287443352389790E-02     +9.5492696930256289E-05     +1.7629967910336991E-04
2000068                     +3.4310265912379692E-16     -3.2490959471921350E+00     -3.9144320582807568E-01     +1.4382085223202720E-01     +1.2712638315904858E-03     -7.4159222851600494E-03     -4.2744209535086853E-03
2000505                     +3.4176985017472392E-16     +2.3126516950875455E+00     -4.5865608974857913E-01     -6.3407749452249573E-01     +4.9631772577760948E-04     +1.0554196569579658E-02     +4.4435458228661807E-03
2000508                     +3.4106769797534871E-16     +7.3266290022319802E-01     -2.4827508472679285E+00     -1.7578653145833933E+00     +9.4029110984049213E-03     +2.6806942882571807E-03     -1.0512748263120010E-04
2000089                     +3.4020311574394289E-16     -2.3252904156717267E+00     -1.0834305028471634E+00     -1.3345296326656457E+00     +6.1972683807566559E-03     -6.5360778413368738E-03     -2.8722147879214838E-03
2000360                     +3.3677605743530068E-16     +2.3258808629670993E+00     -1.6954029934929116E+00     -8.3317097819655273E-01     +4.5621121710860604E-03     +8.6506036122076125E-03     +1.6750377085295919E-03
2000909                     +3.3629754927610392E-16     -3.8122262310706150E+00     -3.5662021472214139E-01     +6.4043749122669047E-01     +2.5124869931053648E-04     -8.2411143749127197E-03     -1.1464223920564045E-03
2000134                     +3.3620465420887158E-16     +4.7738098984750538E-01     -2.2960095527698634E+00     -1.5609335845368333E+00     +9.4584206641633081E-03     +1.6103845426483703E-03     +1.6649185371722449E-03
2000481                     +3.3407005297045191E-16     +1.5783851201543555E+00     -1.9629341559984981E+00     -1.2985133094253500E+00     +7.2068951300371413E-03     +6.6434607254902932E-03     +2.1370119673054765E-03
2000046                     +3.2728000000000001E-16     -2.4273491580192377E+00     +1.4534277673710967E+00     +5.5874074251576122E-01     -5.8570877877341006E-03     -6.8581368266696016E-03     -2.6527439364409252E-03
2000334                     +3.2624933794345618E-16     +3.4594855045221231E+00     -1.3735439308350139E+00     -7.3864229770675327E-01     +3.9154888662432360E-03     +7.5709153498360587E-03     +2.5571850936197548E-03
2000469                     +3.2283999999999999E-16     +3.6873452223193519E+00     -1.2673668645248265E-01     +3.0227570821844973E-01     -1.4093507007862955E-04     +6.7276345419856540E-03     +4.5342413778004772E-03
2000140                     +3.1316732532224061E-16     -1.0193763600402057E+00     -1.9741907432150270E+00     -7.5875874142759769E-01     +1.1526736238768593E-02     -2.8724334965256719E-03     -1.8522582747523678E-03
2000776                     +3.0567119446636531E-16     -3.0502719680258075E+00     +2.0231888483876032E-01     +1.2035615552044678E+00     -2.7879153371997787E-03     -7.9415862562579338E-03     -2.9772741075417453E-03
2000211                     +3.0465115564904100E-16     +7.8630805462921738E-01     -3.1355976053906254E+00     -1.2740249004482935E+00     +8.1349937171404998E-03     +2.1586888609288080E-03     +1.5136020997221136E-03
2000241                     +3.0054836259460052E-16     -2.4297524040207339E+00     -1.8192533220568425E+00     -1.0476131719127899E+00     +6.6420766073731876E-03     -6.2965991489502974E-03     -2.0443425577526936E-03
2000040                     +2.9524140803084219E-16     -1.4815747328177622E+00     -1.7084204240710137E+00     -6.1016776159005037E-01     +8.8037111499050611E-03     -5.9242994800101359E-03     -3.2391921038018353E-03
2000034                     +2.9445412915212858E-16     -1.8466921160945178E+00     +1.4759287870116706E+00     +4.6347567547953339E-01     -7.2748083672222481E-03     -8.6486552403458108E-03     -2.8619671879262852E-03
2000514                     +2.9376520795314819E-16     +2.5966507268478152E+00     +1.1034358338637562E+00     +6.6935432952339158E-01     -4.5348542630124248E-03     +8.6194547028095262E-03     +3.3912020514568091E-03
2000028                     +2.9262727442945278E-16     +2.7617844871632427E+00     -1.3404748964539854E+00     -6.5171239521938551E-01     +3.6149355729751943E-03     +8.0546803093308923E-03     +1.9147455035793156E-03
2000705                     +2.9175003506482499E-16     +2.6992058725905883E+00     -8.3332182350578832E-01     -1.0325118084306764E+00     +3.9019762406313024E-03     +5.9939177655164433E-03     +6.6264469291835446E-03
2000328                     +2.9127000000000000E-16     +2.0256749527268632E+00     +1.4984219687500471E+00     +1.3247327154794550E+00     -8.0070339957455921E-03     +5.5258435750205831E-03     +4.1767815854316711E-03
2000175                     +2.8990971962115819E-16     +8.5822383664228330E-01     +2.5922257188950844E+00     +1.2693959546807685E+00     -8.8205640821153591E-03     +4.4298874436868212E-03     +2.4053626992004921E-03
2000303                     +2.8848684039510109E-16     +2.1422131300959069E+00     +1.6514546769073828E+00     +1.0370947398492187E+00     -7.0978006939586844E-03     +6.7336427046396415E-03     +3.6323782045150324E-03
2000159                     +2.8824066183805001E-16     +1.9797870462324034E+00     -2.5909160492332783E+00     -1.0604679015195189E+00     +6.9736909009459570E-03     +5.1824865830225973E-03     +1.2347323789580573E-03
2001093                     +2.8716404826701959E-16     +7.1977905939214315E-01     +2.8811352885874988E+00     +1.9277213993721398E+00     -7.1372851026706256E-03     +1.2966164192421978E-03     +4.4472383286061163E-03
2000070                     +2.7688888401578460E-16     -2.7044667781859495E+00     +8.2113578168234169E-01     +9.7475641498993848E-01     -2.6827619369741997E-03     -7.7548083601765147E-03     -4.2308610791707045E-03
2000042                     +2.7653166434743811E-16     -2.3359214808617463E+00     +1.5305438051038296E+00     +1.0715371229417123E+00     -5.2783952780593663E-03     -6.6686054505091059E-03     -2.1381984937696810E-03
2000554                     +2.7485668803401500E-16     -2.4218150802818550E-01     +1.8571429944060400E+00     +8.4305892688756379E-01     -1.2747665796890045E-02     -2.1413728573626685E-04     -7.4837141030526183E-04
2000194                     +2.7230587289059820E-16     +1.1387843863829197E+00     +2.2964740925758900E+00     +1.1386213403712206E-01     -8.1995142807644826E-03     +6.8557604900111330E-03     +1.6410540220495309E-03
2000095                     +2.7166197083932592E-16     -1.3125926646907342E+00     -2.9442451401528058E+00     -1.2122892741839890E+00     +8.1118547441724597E-03     -3.0816929563256845E-03     +7.6903096710091593E-04
2000247                     +2.7097270724162128E-16     -1.2535860907553702E+00     -2.0915881726339856E+00     -2.3509025387516953E+00     +7.8132939623966075E-03     -1.6333012652637161E-03     -1.8609076592210050E-03
2000466                     +2.7071416736527809E-16     -1.7096766209366250E+00     +2.5406435123300630E+00     +8.6837712842225112E-01     -7.4437345782030085E-03     -3.9996076872571961E-03     -5.1472572811772479E-03
2000356                     +2.6816131961351822E-16     -1.4912046725289987E+00     -2.5973192774349414E+00     -1.6213564570006331E+00     +7.1547000658007008E-03     -3.4201169546009551E-03     -1.9991558850133355E-03
2000156                     +2.6336000000000000E-16     -6.6416655804753999E-01     -1.9367434578210696E+00     -7.6720209968619446E-01     +1.1581362902947409E-02     -5.3860522181586904E-03     +1.4686952009385417E-05
2000209                     +2.5931073098872930E-16     -2.7021210923759549E+00     -1.1412552009419039E+00     -6.6882464732607505E-01     +4.8893837592942383E-03     -7.6656972190156537E-03     -4.5468096892320349E-03
2000051                     +2.5705491133531448E-16     -2.1041792969369322E+00     +6.8471139610807841E-01     +1.8865317163289347E-01     -3.6061835854845964E-03     -1.1063301330996448E-02     -2.6135976822271719E-03
2000021                     +2.5294428720409989E-16     +2.6748515080149719E-03     -2.0121098628721152E+00     -8.9289361423005542E-01     +1.2031885098364356E-02     +1.7415686770241284E-03     +7.6599160983862786E-05
2000772                     +2.5206144925338948E-16     +1.9098610204121644E+00     -1.2226083639638519E+00     -2.0732189642357031E+00     +6.8306307441427126E-03     +6.7890206312876157E-03     +9.9370856213801804E-04
2000192                     +2.5119412656578328E-16     +2.7115591923661420E-01     -2.0046959792970780E+00     -1.1452614727584656E+00     +1.0705791995676553E-02     +3.3839186970507453E-03     +2.3700451028733859E-03
2000098                     +2.4428317417320688E-16     -1.5023030314748849E+00     +1.2777361723570271E+00     +9.8241534150208187E-01     -8.7446524330534476E-03     -6.9016534504051444E-03     -5.8894426126855541E-03
2000091                     +2.4404616777010059E-16     +2.4092397577776481E+00     +4.9328549265719362E-01     +2.1697904291974740E-01     -3.4770978798823039E-03     +9.5613912484481325E-03     +4.5912032087613141E-03
2000476                     +2.4193160564640660E-16     -5.6256537912221283E-01     -2.1109340744220320E+00     -1.1715798404507944E+00     +1.0895302507116055E-02     -2.8718170680404023E-03     +8.1727319809072978E-04
2000162                     +2.3729075379342011E-16     +3.0737401286820374E+00     +1.0911063058825248E+00     +3.6730451424375987E-01     -4.3906271727719333E-03     +6.8324103063564573E-03     +4.0030297923453386E-03
2000035                     +2.3522561732418408E-16     -1.8842253812612881E+00     +1.6266246510600861E+00     +9.5856907763157728E-01     -6.1439034267984785E-03     -7.8518089275219066E-03     -4.8853983820177898E-03
2000426                     +2.2979758127971452E-16     +1.3772080725971050E+00     -2.3638540427216097E+00     -1.3182418831005840E+00     +8.5848862646911994E-03     +1.6500927445428910E-03     +3.9907959065625239E-03
2000455                     +2.2861593339578099E-16     -1.4181874489378552E+00     -2.1943647478945709E+00     -7.5512265627224062E-01     +9.7700564408338738E-03     -1.5436723902889525E-03     -3.0166954647349517E-03
2000804                     +2.2671033414599050E-16     -3.5959884353617400E-01     +2.3627398635477963E+00     +1.8552962729827986E+00     -9.5276841920190671E-03     +3.8621242051082899E-04     -3.6836784278467606E-04
2000276                     +2.2481550488436832E-16     +2.1764711626837991E+00     -2.5113862300558303E+00     +2.2152874626398469E-01     +6.5403058861180320E-03     +6.0383874212806866E-03     +1.7826408591162435E-03
2000595                     +2.2211133615828450E-16     +2.9485585394880842E+00     -4.0073174577881748E-01     -8.3068571153534931E-01     +3.0547653687046420E-03     +7.5079225165484882E-03     +5.7504459174139823E-03
2000346                     +2.2099166077176559E-16     +2.3889991886784880E+00     +7.4353878375426596E-01     -8.3494190770852461E-02     -3.0792317670475873E-03     +9.8896184533668503E-03     +4.7338204089352231E-03
2000037                     +2.1856205771130561E-16     -1.6561732378261147E+00     -2.3473535682534967E+00     -1.1563623537994585E+00     +7.3177025780332503E-03     -4.5508190741162559E-03     -2.3241855968060077E-03
2000788                     +2.1581556817636010E-16     +2.5804604543325240E+00     +2.3640437826657399E+00     +3.6103974240206493E-01     -5.8082147693241902E-03     +6.2307866944930875E-03     +1.0423124239515729E-03
2000086                     +2.1523995570228910E-16     -3.3773011865041314E+00     -1.6018318597804857E+00     -3.9365844212561241E-01     +3.2161499692220938E-03     -6.5338553552317545E-03     -3.1603309927406629E-03
2000602                     +2.1501467433612251E-16     -2.6982674279737449E+00     -1.8369586467248653E+00     -1.7923839721208628E+00     +6.1432567254829946E-03     -4.4971833526009407E-03     -2.4217555531820395E-03
2000762                     +2.0818012830905660E-16     -2.2577057913269085E+00     +1.6799182754293225E+00     +5.3012448294819381E-01     -6.3836606259198327E-03     -6.6018773007261739E-03     -5.3853845085405031E-03
2000017                     +2.0815063964697380E-16     -2.1082275284097602E+00     -8.4689148382055546E-01     -1.3354675252823009E-01     +5.5564003519673463E-03     -9.7037049090103779E-03     -4.0356988647399748E-03
2000283                     +2.0528101779869579E-16     -5.1973446271138679E-01     +2.6840439388872879E+00     +1.3600796556461647E+00     -9.7482008263934574E-03     +3.8949577206796242E-04     -1.0661138474044143E-03
2000018                     +2.0089277366511321E-16     -8.2867688542074436E-01     +1.9671194139524741E+00     +5.8557700207493291E-01     -1.1558737432676144E-02     -2.1272508523804746E-03     +4.8099102690233014E-04
2000506                     +1.9735313911048411E-16     -1.4478488351489536E+00     -2.2884649912267787E+00     -2.0012310371120101E+00     +7.3782835878975026E-03     -4.7541526960904815E-03     -1.3844583025340558E-03
2000769                     +1.9725153985693760E-16     +1.5099874875586081E+00     +2.7885828586678132E+00     +1.4191746585953826E+00     -7.1844483245053744E-03     +4.0776715936070157E-03     +2.9416523769574860E-03
2000233                     +1.9715919666254549E-16     -2.8879817836530539E+00     -2.2047488584602315E-01     -3.4340797254970457E-01     +1.3810524161399656E-03     -9.0944199593345782E-03     -2.7827395647997254E-03
2000250                     +1.9688550185992420E-16     -3.0609643463146523E+00     -3.1069183219321178E-01     +1.2300787509485533E-01     -6.2165031425012133E-04     -8.1447527519278671E-03     -5.6721641321905740E-03
2000773                     +1.9576160906423331E-16     +2.6915569498620200E+00     +4.8497287289025262E-02     +6.3182856908485951E-01     -8.2003604215735585E-04     +8.4478659885099654E-03     +6.1472766783350341E-03
2000545                     +1.9484986115571251E-16     +7.5216176693295067E-01     -2.1493189956861753E+00     -1.3458602860966598E+00     +1.0835568394574495E-02     +2.5102405963646295E-03     +2.7406193824598673E-03
2000012                     +1.9317757851829201E-16     +2.7472219168407097E-01     -1.7526314578839020E+00     -5.5696273672942309E-01     +1.3383087795739013E-02     +2.5065203725618277E-03     +2.5562808608253704E-03
2000488                     +1.9151562798850779E-16     +3.5327584818033104E+00     +3.9970307277413042E-01     -6.0568872583005651E-01     -1.0330405581006183E-03     +7.4569485026138773E-03     +3.6193800709860544E-03
2000023                     +1.8953317604197831E-16     +6.6627958107426577E-01     -2.6889439211995407E+00     -1.5181383462834839E+00     +8.4965723909379183E-03     +1.3910993594304130E-03     -8.5385794227201971E-04
2000326                     +1.8915247466562089E-16     +1.4392550386022731E+00     +1.8132314511990921E+00     +1.2985260848858076E+00     -7.1937591254208066E-03     +3.4857855158279059E-03     +5.5467972794382243E-03
2000275                     +1.8654000000000000E-16     +5.3972595235899823E-01     -2.6165650228234938E+00     -9.9240932928327075E-01     +1.0032788100253617E-02     +5.1141986121105271E-04     -4.4973847790852160E-04
2000203                     +1.8492472080300540E-16     -2.3441198553416127E+00     -1.5182298909380618E+00     -7.8837694766355737E-01     +5.7045686441534980E-03     -7.1862448414797397E-03     -3.5181471189005610E-03
2000266                     +1.8413301875237819E-16     -1.6577085631449173E+00     -2.4823045408126485E+00     -1.0433612946439905E+00     +7.9328150071402148E-03     -4.3759282421003262E-03     +3.6878437220061883E-04
2000221                     +1.8168406201733031E-16     +2.5456171013676823E+00     -7.8057649840368049E-01     -5.1379700929910377E-01     +3.5751078271155853E-03     +1.0082324344228476E-02     +2.2369987564602404E-03
2000521                     +1.8124493964458610E-16     -2.4041732323819911E+00     +9.9712971416068674E-01     +9.1936565383022373E-01     -7.0537426506506341E-03     -7.3545997372746674E-03     -1.7526549771007581E-03
2000751                     +1.7989374811476499E-16     +9.3137860661351146E-01     -1.9290284776585549E+00     -1.2488338238676435E+00     +9.0878328868561706E-03     +6.3177741900565521E-03     +3.7019537204372469E-04
2000357                     +1.7619560261002570E-16     -3.2494648011833598E+00     -8.6903917119238716E-01     +3.9808593652049423E-01     +1.8597369382303678E-03     -8.5569182173881164E-03     -2.1646714216824567E-03
2000230                     +1.7608987155151350E-16     +1.3259815250581977E+00     -1.8707904108168625E+00     -4.3096501691969558E-01     +8.8078755728456803E-03     +6.2966286467770385E-03     +3.4624631476184368E-03
2000200                     +1.7554616782526139E-16     -2.9293966654828121E+00     -4.8661149892285011E-01     -5.0261900740900478E-01     +1.2666682938017022E-03     -8.2160021858433407E-03     -4.4708256976317418E-03
2000191                     +1.7252555236382890E-16     -2.4233850425240941E+00     -1.9894845640520864E+00     -2.7362249672429834E-01     +6.0491995547791296E-03     -6.7881649563432660E-03     -1.9574766416167212E-03
2000114                     +1.7050000000000001E-16     +1.5258229356398627E+00     +2.1174271131314484E+00     +6.7860316283014943E-01     -9.2929870426516452E-03     +4.3652153834602336E-03     +1.7020358036726544E-03
2000635                     +1.6995669526331389E-16     -2.6363033274272873E+00     +1.7531219670643303E+00     +3.5387070926745712E-01     -6.0051056212291837E-03     -7.2766981656888037E-03     -1.6751078585686466E-03
2000036                     +1.6970600184097089E-16     -1.4780532513780107E+00     -2.3570541695235838E+00     -2.1257695585337761E+00     +7.5157030504740584E-03     -1.7521293637081333E-03     -1.4848104959335434E-03
2000181                     +1.6796766833548251E-16     -2.4718942547243254E+00     +9.4710198908979315E-01     +6.1738751922464064E-01     -5.5641904145462889E-03     -9.6348219585179837E-03     -2.7664159704350442E-04
2000176                     +1.6713475520093611E-16     -2.8133104962052520E+00     -2.3407362695065994E+00     -4.8073302696696807E-01     +5.5576815361166069E-03     -6.0801714381919919E-03     +5.2375637099704472E-04
2000626                     +1.6643778725882151E-16     +9.3283435390849684E-02     -1.8304725048823531E+00     -1.9873422753926626E+00     +9.7324279378393566E-03     +9.0930724609867869E-04     +2.9460547860415383E-03
2000148                     +1.6595259516345301E-16     +1.8404507792063165E+00     -1.7842633450344720E+00     -5.3435926016151269E-01     +5.7739700202240948E-03     +9.1840058144897797E-03     -1.0951722967491903E-03
2000026                     +1.6373439522610839E-16     -2.5174183487803772E+00     +3.9233918082581637E-01     +3.1578254218454171E-01     -1.2275029038828951E-03     -9.8078020932480317E-03     -4.7045945411078854E-03
2000050                     +1.6333263911175179E-16     +1.8869103017556648E+00     -3.4476584321584025E-01     -1.4042106204908050E-01     +1.3470325714857448E-03     +1.3004401176162479E-02     +4.8852124532352461E-03
2000784                     +1.6308230966598089E-16     +7.3413587571711181E-01     +3.0919533527121561E+00     +2.1407483789172477E+00     -7.5474177964220367E-03     +7.8979713021173046E-04     +1.0746155828745222E-03
2000675                     +1.5923470884492271E-16     +5.7535015723926430E-01     -2.8539068252747444E+00     -1.0628864865584553E+00     +8.4683130594014524E-03     +2.4265343334807562E-03     +2.5658859385948151E-03
2000786                     +1.5830198804699920E-16     +7.4199572517809065E-01     -2.4369754784051465E+00     -1.2680513289726685E+00     +1.0265997541468069E-02     +2.4093124199050906E-03     -1.8626967358161604E-03
2000407                     +1.5678504140474829E-16     -2.4850033882538636E+00     -1.0097489418811654E+00     -8.3822193982071413E-01     +4.6132872153650268E-03     -8.0936419140736921E-03     -3.4403013686328384E-03
2000393                     +1.5586000000000001E-16     -1.1879351088709145E+00     -1.7509392015459349E+00     -5.0999496251797027E-01     +1.2103185262282209E-02     -4.3623086155790353E-03     +9.1302886098343730E-04
2000709                     +1.5456008538659911E-16     -1.6463529737867386E-01     +2.4026283505865549E+00     +1.7696136964941598E+00     -9.6586442743757349E-03     +1.4187347903343787E-03     -9.1916560785602647E-04
2000980                     +1.5352978885566199E-16     -5.8845949406299869E-01     +2.4715702999606650E+00     +1.1323670459219672E+00     -9.8633476416075446E-03     +1.1240841699286727E-03     -2.4490620381625409E-03
2000171                     +1.5109884909293550E-16     -2.7494585422636706E+00     +1.2976237085189393E-01     +1.8529643499057380E-01     -1.1323751909611917E-03     -1.0084943050324632E-02     -4.2207581771950527E-03
2000694                     +1.4938668030133560E-16     -2.2082910690391815E+00     -1.6414268426767697E+00     -8.7641439740165417E-01     +7.9664107291614709E-03     -5.5885289279225311E-03     +4.5061919120934120E-04
2000416                     +1.4869856293449610E-16     +2.5994030140920317E+00     -1.7553079501390689E-01     -6.8793328911884621E-01     +4.1095986123446809E-03     +8.8326235826879929E-03     +4.2367513148991749E-03
2000491                     +1.4858970838252891E-16     +2.9225817923076449E+00     +5.0059355238706194E-01     -3.1517806120851734E-02     -2.3374262647640732E-03     +9.9964916061559776E-03     +8.5612577163425411E-04
2000780                     +1.4857405347656311E-16     +2.5843149816474904E+00     -1.0346966194463052E+00     -6.3412383904622516E-01     +3.6603248637357053E-03     +9.9022621742712192E-03     +6.2009892337824845E-04
2000030                     +1.4820190164375290E-16     +1.1130646562343596E+00     -1.9022798487584935E+00     -8.4028230852949515E-01     +9.1127991579903495E-03     +5.8174447862957305E-03     +2.9688958756367359E-03
2000335                     +1.4756769258889111E-16     -2.5747363244607286E+00     +2.9903710667474281E-01     +2.2922908147391771E-01     +3.2158187191932611E-04     -9.8363381262140514E-03     -3.4210732367503573E-03
2000412                     +1.4655734975631911E-16     +2.6594757981617536E+00     -5.6025875045412321E-01     -8.5927033018799981E-01     +3.0134523763933356E-03     +9.1997679514728703E-03     +2.4963437422865411E-03
2000404                     +1.4521678954842191E-16     +6.5504165781311041E-01     -2.0127435568753169E+00     -1.0245387017171517E+00     +1.1306298226023276E-02     +2.3410703404371153E-03     -2.0980836724090756E-03
2000674                     +1.4383748004467891E-16     -2.1113694089527546E+00     +8.9865860896594252E-01     +1.0282665739088868E+00     -7.0757398423928215E-03     -8.5520792888232038E-03     -3.3943604655051938E-03
2000713                     +1.4268157848333010E-16     -2.0741906444907916E+00     -2.7206787828976542E+00     -9.8587676717089834E-01     +7.9317300201912182E-03     -4.0395307779833326E-03     -1.9513888225909011E-04
2000071                     +1.4244927463509561E-16     +2.0727786809549387E+00     +1.4416288918264222E+00     +2.0173972264282067E+00     -6.2688711816753151E-03     +5.5065062506585941E-03     +2.3883268171129980E-03
2000377                     +1.4144228920898079E-16     +1.6722272807550873E+00     +1.7061503953761756E+00     +6.4702349321169550E-01     -8.2958979732919869E-03     +7.4839316302808120E-03     +1.8692557426646210E-03
2000350                     +1.4100078405763091E-16     -1.5676042048259669E+00     -3.1808096535046868E+00     -5.7998437118546353E-01     +6.5743008596133188E-03     -2.6506990527378231E-03     -4.4582304643390547E-03
2000110                     +1.4076985722105040E-16     -3.1015234630381255E-01     +2.4877635675036478E+00     +1.2812673822430398E+00     -1.0036414711289856E-02     -7.0532966186679996E-04     +6.3077125708626658E-04
2000223                     +1.3906039685198460E-16     +2.5701392887313088E+00     +1.3432571408527008E+00     +5.4701266237425772E-01     -6.0291840801837016E-03     +7.4177298314702820E-03     +3.5850284469609254E-03
2000373                     +1.3720617596137790E-16     -2.0277100702609396E+00     +2.0970511778858958E+00     +1.7400038844930779E+00     -7.7177684185687906E-03     -3.5420658024062743E-03     -2.6633422123337903E-03
2000100                     +1.3659771964686970E-16     +2.7012231801383821E+00     +7.4967156067834295E-01     +1.1208707351824911E-02     -1.3671567789345464E-03     +9.9821345686135869E-03     +3.6663414406563339E-03
2000449                     +1.3558171306734880E-16     -5.4543469044025361E-01     -2.4897881855925745E+00     -1.0585582581928699E+00     +9.3332627981423145E-03     -2.9232661867255043E-03     -1.8289350831726854E-03
2000038                     +1.3232859647467681E-16     +2.7590964453114362E+00     -1.2585764731933693E-01     +2.7575740348474836E-01     -1.5937999678630489E-03     +9.1150166606568279E-03     +4.3502648112361663E-03
2000210                     +1.3145378148802101E-16     +1.3202971389514750E+00     -2.1424949033879965E+00     -1.2070937618555666E+00     +8.2789221326044753E-03     +5.3854629105506693E-03     +2.3797051684388451E-03
2000498                     +1.2987929239170220E-16     -2.9013475602782828E+00     -9.7336106825669488E-01     +1.2331497770534192E-01     +3.8864065312003448E-03     -7.3227665651017697E-03     -3.6776571895567739E-03
2000102                     +1.2812662256605979E-16     -1.2305318263159839E+00     +2.4210360382178271E+00     +7.7366365653506974E-01     -9.7071150331070732E-03     -1.7035036325238509E-03     -1.0650351877192219E-03
2001015                     +1.2583765926450050E-16     -2.6809857435224265E+00     -2.1833314551711722E+00     -3.3056976462183107E-01     +5.4992136923604374E-03     -6.3117877067765922E-03     -2.9444468187970890E-03
2000084                     +1.2573126556318860E-16     +1.5475889533812659E+00     -8.5861196994704880E-01     -3.6466339501086520E-01     +6.6341082095392398E-03     +1.0396566619657491E-02     +7.0116632258796453E-03
2000090                     +1.2351963628284910E-16     +1.2329092864310647E+00     -2.1414949128454048E+00     -1.0111407940691324E+00     +9.8662779251576758E-03     +5.1711807286217576E-03     +1.9234625390984917E-03
2000345                     +1.2317521169884131E-16     -1.5371699201896809E+00     +1.5964782952709340E+00     +2.8811323982998854E-01     -8.8343681384221058E-03     -7.2089489303889020E-03     -2.8086189020132902E-03
2000791                     +1.2196487517410749E-16     -1.9941045756706024E+00     +2.8210079137279664E+00     +1.0854137827859531E+00     -7.1707446401864956E-03     -4.0649319122105483E-03     +7.0702438735325169E-04
2000358                     +1.2178097995831790E-16     -1.1332170755072686E+00     +2.1747803944939097E+00     +7.9771451130172688E-01     -1.0591078412815917E-02     -3.6070771742909595E-03     -1.2167866368983410E-03
2000663                     +1.2049549488578180E-16     +1.6348065962632443E+00     -2.7736853977820015E+00     -1.8931637181911079E-01     +8.2939505761595918E-03     +3.1368940329465789E-03     +2.8432005375705234E-03
2000227                     +1.2048459545465019E-16     +3.1363808880267605E+00     -9.1365907945886837E-01     -2.4384936415722863E-01     +4.2862896301661532E-03     +6.8429982217387518E-03     +4.5694230096489184E-03
2000032                     +1.1995850162334401E-16     +2.7756518322362438E+00     +1.1622016601182780E-01     +2.2596228987171230E-01     -4.2413397038307054E-04     +9.3111583458320730E-03     +3.2197049629163975E-03
2000740                     +1.1892814439317689E-16     +2.8083007897547699E-02     -2.9312925120559230E+00     -9.9256731230244377E-01     +9.5282521328605881E-03     -4.3545308602579730E-04     -1.8667703036957394E-03
2000206                     +1.1789669849357310E-16     -2.5703587091403879E+00     -1.0467707827507873E+00     -2.8517860252502730E-01     +3.6288919949901237E-03     -8.9347777579423630E-03     -3.4560827318787790E-03
2000080                     +1.1614439541131079E-16     -1.3976627345500521E+00     -1.9137349182186059E+00     -7.1127782014466689E-01     +9.6032680605034147E-03     -4.3319452485309270E-03     -3.4632148879925283E-04
2000313                     +1.1584591337407960E-16     -1.6303164393220597E+00     -1.6288687808402116E+00     -3.2277605293708006E-01     +6.6158919754515204E-03     -9.1141468999679318E-03     -1.9826289170834406E-03
2000366                     +1.1563954713645831E-16     -1.1653921257756994E+00     -2.3164560715670812E+00     -1.6032305750010230E+00     +9.4377061789316964E-03     -3.0082569488972801E-03     -1.5432353047058151E-03
2000445                     +1.1534210849315851E-16     -2.2608552955857606E+00     -1.8974901918247360E+00     -2.1411022694189192E+00     +6.5805165919484970E-03     -5.1732460580448973E-03     -4.7134203418750957E-04
2000236                     +1.1363293901133810E-16     -1.5825113313200880E+00     +2.4561325519786310E+00     +6.7056796718980205E-01     -8.9058677313606487E-03     -3.3452014192303955E-03     -1.0810130624893061E-03
2000143                     +1.1260861147488829E-16     -1.5404527281985860E+00     -1.6310243617358025E+00     -1.2528010032765504E+00     +8.8034306024720142E-03     -6.0702356825640567E-03     -3.0994140619226818E-03
2000503                     +1.1187183314500760E-16     +2.1302165842075560E+00     -2.0108058724718170E+00     -1.1413555947450837E+00     +5.9808222492376724E-03     +6.1655898270468693E-03     +2.3617309473285874E-03
2000696                     +1.1177734423974849E-16     +2.4954516767294832E+00     -5.3276755481383054E-01     +2.7061039003487591E-01     -5.3001785549209885E-04     +1.0160908966999217E-02     +5.7391168193130010E-03
2001467                     +1.1152801330348170E-16     -7.5942560218394295E-01     -2.1143412291783750E+00     -2.1273527416973863E+00     +9.8806617900911095E-03     -2.4302079014625363E-03     +5.9794555770547252E-04
2000240                     +1.1048622528732650E-16     -2.8863414611816740E+00     -9.9916130474017772E-01     -3.1094668221163863E-01     +1.8351370512049933E-03     -8.1878886490648652E-03     -3.4644815087453624E-03
2000385                     +1.1031851822968280E-16     -2.4951561647762999E+00     +8.1160009642050016E-02     -1.2367487060907406E-01     -9.5485293470841485E-05     -9.2840068881730846E-03     -6.8946516895388027E-03
2000083                     +1.0968348906260350E-16     +2.2596909640037026E+00     +1.2039915418333231E+00     +5.3236992279538564E-01     -5.3186493307665807E-03     +7.5850895818457909E-03     +4.2498444716827398E-03
2000062                     +1.0890481919600570E-16     -1.6802364261909961E+00     +2.2534179180598457E+00     +9.7383873754891781E-01     -9.2990885618146144E-03     -3.9918855311515226E-03     -1.3080222162951708E-03
2000517                     +1.0886266508800200E-16     -2.0616120438675698E+00     +1.9795007468125592E+00     +7.4468622752200164E-01     -8.5593019039339972E-03     -5.0673714324325006E-03     -2.7468144297670555E-03
2000109                     +1.0826185861581930E-16     -2.9456398402099908E+00     -1.2209906385885190E+00     -7.1504241647664624E-01     +1.9525415731997085E-03     -7.0484297816573649E-03     -4.3040212004660343E-03
2000683                     +1.0436103612506560E-16     -9.7762319802331091E-02     +2.9263584057370520E+00     +1.0377366502074268E+00     -9.2422259721183404E-03     +3.1449142496806732E-04     -3.1284995062615998E-03
2000849                     +1.0354972501527590E-16     +2.3657510120228329E+00     +2.0161353071090322E+00     +9.8862887998773707E-01     -4.6260584282287942E-03     +8.1276062851873034E-03     +2.5447745658021089E-04
2000097                     +1.0314956358376310E-16     -1.9324564660669030E+00     -2.6661144663630987E+00     -4.4581855513225915E-01     +6.2424402460875255E-03     -5.1289057180517435E-03     -1.5770141263743733E-03
2000160                     +1.0248487058744050E-16     +1.9139656542799999E+00     -1.7651940253372276E+00     -9.3001737063181755E-01     +6.9111983359736832E-03     +6.7749082460317822E-03     +3.4041617401383869E-03
2000081                     +1.0223675545561340E-16     +1.9378186053461850E+00     +1.0037651357796509E+00     +6.0146323643533361E-01     -7.1215265338531852E-03     +8.7842852747318477E-03     +5.3635121400450918E-03
2000201                     +1.0147296895716561E-16     -2.4932483374857548E+00     +1.7872664526711266E+00     +6.8680250626819517E-01     -5.7771198345193692E-03     -6.4146000585163085E-03     -1.8634040515702198E-03
2000387                     +1.0044659839630940E-16     +1.0377948759893290E+00     -1.7158569363736662E+00     -6.3084293598464403E-01     +1.1281735363715479E-02     +6.6252212718603811E-03     -1.4829914847384123E-03
2000103                     +1.0011180168586460E-16     -2.8258855884977692E+00     -4.3758387660131903E-01     +4.0511590393701773E-02     +1.9489090335961508E-03     -9.1122005696681625E-03     -3.3642527956384673E-03
2000680                     +9.9581620100255186E-17     +2.6107584506601467E+00     +7.1096871568071734E-02     -6.0297538932799277E-01     +3.8903997718517792E-03     +8.8364169498073939E-03     +5.7468577651404625E-03
2001107                     +9.5491282158876468E-17     +2.9135728620397230E+00     -1.5790230635952902E+00     -9.6383571917556654E-01     +3.8899291003658670E-03     +7.5591791692312636E-03     +2.4039259864435843E-03
2000213                     +9.5223891872172389E-17     -8.6978726275559226E-01     -2.1435789121998332E+00     -6.7923563730793579E-01     +1.1215347277562442E-02     -2.8219280783923989E-03     -2.2162602114838628E-03
2000135                     +9.5156050418462075E-17     -1.0544952183282239E+00     -1.8016355448498904E+00     -8.7772818795357777E-01     +1.1355801696979547E-02     -3.1006615713247685E-03     -1.3501340886028295E-03
2000691                     +9.4537052258201022E-17     -3.1595657595115592E+00     +1.8845049166321717E-01     +8.7798980903548440E-01     -2.1263734661092931E-03     -8.2630631226814910E-03     -3.1047959782391165E-03
2000020                     +9.1998074776309115E-17     -2.2741594467941346E+00     +1.3825858046211220E-01     +4.4768052789333539E-02     -2.2805570039784451E-03     -1.0610909363549087E-02     -4.4760884651886840E-03
2000205                     +9.1514999225958938E-17     +2.5375296118506303E+00     +7.0531356349112984E-01     +4.4076888654782043E-01     -3.2191717000913263E-03     +9.9528179871829596E-03     +2.2141601920316156E-03
2000667                     +9.0942944157907603E-17     +2.7193635962132157E+00     -2.3138774099792174E+00     -5.5191199262965140E-01     +4.3686420758308727E-03     +7.1282783985675193E-03     -8.0214872057131456E-04
2000124                     +8.8772708265623384E-17     +3.4552877283253308E-01     -2.2698451619537017E+00     -8.4674868126856595E-01     +1.1315204917303104E-02     +1.1317283701576654E-03     +5.1370236354803423E-04
2000163                     +8.6580000000000006E-17     -2.2236194527148858E+00     -8.7390921948575007E-01     -2.3358237899966403E-01     +2.1407612794156370E-03     -1.0254946659671043E-02     -3.5777670994136456E-03
2000568                     +8.5978021881831306E-17     -4.2387342952435397E-01     +2.3720222964620969E+00     +5.8869081604084383E-01     -1.1085619040447164E-02     +5.9177207051846825E-05     -3.5798183178380634E-03
2000735                     +8.5976202637173235E-17     -3.2717621350448560E+00     +6.5690390446120794E-01     +1.2917115657226697E+00     -3.3608388282572441E-03     -5.8650001788541168E-03     -3.3944567412514644E-03
2000058                     +8.4811739114660024E-17     +2.8029042479766324E+00     +2.2043440600091507E-01     -8.7611279239924178E-03     -6.7189959609662377E-04     +9.4579623343687812E-03     +3.2096907774642868E-03
2000078                     +8.4019062534638874E-17     -3.6381898159949572E-01     -2.5036310224237939E+00     -1.5455222423996273E+00     +8.9339279260190318E-03     -2.5572612182082300E-03     -8.4730947672398134E-04
2000195                     +8.3548198507378076E-17     -2.4435896019908376E-01     +2.3857842078688094E+00     +1.4024414637618414E+00     -1.0423040978777883E-02     -1.0436729791688784E-03     -4.2485876282683194E-04
2000079                     +8.3518243314079403E-17     -1.0604804503681518E+00     -2.5077639725194407E+00     -9.1956666731044945E-01     +8.8431388140469570E-03     -2.6238503326492459E-03     -5.7895796663925264E-04
2000322                     +8.2763495213043584E-17     -3.1344448582020501E+00     +1.2094837932938287E+00     +1.5202149209274140E-02     -3.8631810946347183E-03     -6.7309211871226064E-03     -3.1515877670987209E-03
2000362                     +8.0870792881032834E-17     -5.1488171325580945E-01     +2.0834534426367854E+00     +1.2717291080672233E+00     -1.0862278044113383E-02     -2.0304522109052510E-03     -3.8178461413536076E-04
2000464                     +8.0635184290055785E-17     -2.5813662741571894E+00     +1.5857938899603006E+00     +1.0963443841757619E+00     -6.0438987679301195E-03     -6.3281884685456383E-03     -1.3188071245328265E-03
2000072                     +7.9950510449165411E-17     +2.9434886314252708E-02     +2.3234346604172647E+00     +7.8657995788908153E-01     -1.0434081601225796E-02     +1.1648683305239534E-03     -9.9168271816263775E-05
2000365                     +7.7695552096218006E-17     -3.7121395961589781E-01     +2.4531553033780948E+00     +4.5472954999872039E-01     -1.1340113764596567E-02     -2.1080564579758470E-04     -2.8820172935290216E-04
2000454                     +7.6808847746999987E-17     +2.8333254581471157E+00     -1.5674110856656986E-01     -2.7791158666826027E-01     +1.5960164059549912E-03     +8.4402417080130555E-03     +4.5265192807176493E-03
2001021                     +7.6171409872842654E-17     +1.2148937302052398E+00     +1.5142737840175684E+00     +1.2298601162663016E-01     -1.0092009851443443E-02     +8.1993031892982782E-03     +5.0757466834441909E-03
2000049                     +7.5494816293144014E-17     -5.1479114911722124E-01     +2.3736905510264990E+00     +1.0437567230276992E+00     -1.1281282867463393E-02     +2.1574203689763991E-04     -5.6345805433342087E-04
2000424                     +7.3799853443752290E-17     -2.3756038991219968E+00     -1.8180466902736747E+00     -3.7361146612478330E-01     +5.1780214914898754E-03     -7.0768858305484848E-03     -3.6651794869162419E-03
2000099                     +7.3526620138415914E-17     +2.5948706204155325E+00     -3.6353320181820981E-01     -7.5256390082937819E-01     +4.5459906560493439E-03     +8.0242028313107679E-03     +4.5016889736338699E-03
2000043                     +7.2753938533407125E-17     -2.3407068319208718E-01     +2.3581698391045074E+00     +9.9301471229925986E-01     -9.7422030981037088E-03     -3.8633673069461477E-04     -8.0555222592998855E-04
2000535                     +7.2538616434661140E-17     +1.5585673995150859E+00     -1.8440831652153067E+00     -1.0256603879473150E+00     +8.4130679749469094E-03     +6.0682408852005100E-03     +1.6165221414392019E-03
2000025                     +7.2398415223662114E-17     +8.4777611215260640E-01     +2.4850286610165440E+00     +4.1387860792474512E-01     -8.1898404087157595E-03     +5.4957577735541691E-03     -1.2321768766583832E-03
2000739                     +7.1382433975293479E-17     -1.3623353365257884E+00     -2.0644442542187234E+00     +4.9809928352185610E-02     +8.4761479104564271E-03     -7.0899041551751741E-03     -3.1316163287518394E-03
2000363                     +6.9841945302118664E-17     +1.9288432518015344E+00     -1.4700463629011717E+00     -9.1885104736739343E-01     +6.8657699655799839E-03     +7.9414233964753955E-03     +3.1453444423403605E-03
2000516                     +6.9599999999999999E-17     +3.0206361548776806E+00     -1.7530189347874342E-01     +3.0264976756069284E-01     +2.1127380147549506E-03     +7.1755065396728133E-03     +5.2519169655140373E-03
2000599                     +6.9118774732740101E-17     +1.9485011921124320E+00     +6.3325253259824965E-01     -4.3279964025773277E-02     -1.3219846936678972E-03     +1.0739808670846200E-02     +7.9847471410956390E-03
2000304                     +6.8832710966054010E-17     -2.2038079786850782E+00     -1.3542242872566919E+00     +9.4169246307764104E-03     +7.0298407511771369E-03     -7.3443878002552466E-03     -1.7992304687381748E-03
2000082                     +6.6012607669307705E-17     -4.7352287303510793E-01     -2.6768382158216690E+00     -1.2936856039280005E+00     +8.8510143110613337E-03     -2.9518940313423654E-03     -1.6498668064301755E-03
2000465                     +6.5399257724402354E-17     -2.2000151519339148E+00     -9.2930102920479829E-01     -6.1987589645503283E-01     +6.0036187816026017E-03     -9.5721719217197881E-03     -4.1671722574791866E-03
2001036                     +6.4677672132374607E-17     -2.7125483290155263E+00     +2.3896178801514494E+00     -6.8241041972286620E-01     -6.1355985571106900E-03     -3.0040413146800939E-03     -1.7397960187960334E-03
2000604                     +6.4260399533186429E-17     +1.8653348555412903E+00     +1.4776347684627271E+00     +7.4353030675291765E-01     -7.9302556655305549E-03     +7.8264801550782196E-03     +4.2689195527957132E-03
2000431                     +6.3407783495216967E-17     -3.3674144143689606E+00     -8.4714441619563385E-01     -2.4933140315371558E-01     +3.3821863357344677E-03     -7.3840850952101196E-03     -3.1769797643407000E-03
2001171                     +6.2485687084637610E-17     -3.4076029233513987E+00     +3.7827305642793696E-01     +3.1538884205725642E-01     -2.7782080159527390E-03     -7.8899877192136238E-03     -3.0182441095027122E-03
2000053                     +6.2392433107751650E-17     +1.8012213115229256E+00     -2.2851706590895846E+00     -9.0065104136555929E-01     +6.5223858603383113E-03     +5.9675243186194304E-03     +1.7198965835792527E-03
2000389                     +6.2251018387380329E-17     -2.2570071140800074E+00     -6.7880676792742045E-01     -6.6646808303310545E-01     +3.9713189978730166E-03     -9.8551065032605606E-03     -4.0321564344702699E-03
2000598                     +6.1530641540755240E-17     +1.2169743184950366E+00     -1.9156022801873067E+00     -1.1018985532734065E+00     +8.0280786781821573E-03     +7.7972572194363217E-03     +1.4235257624800792E-03
2000569                     +6.1123219726683135E-17     +2.3417785123084878E-01     -2.8537455593494396E+00     -1.2727761111179381E+00     +8.7534440379079242E-03     +8.6262374117317066E-04     +5.7017664960365487E-04
2000760                     +5.8167921005732779E-17     -1.7713366882181941E-01     +2.3791234284182994E+00     +1.6151358756325429E+00     -1.0124992698570742E-02     -1.7304105775736290E-03     -2.4466858386993809E-03
2000112                     +5.7960397015532352E-17     +1.9290776851279250E+00     +9.1984803699922402E-01     +4.9759335291850726E-01     -4.8129086065812846E-03     +1.0095856802288410E-02     +4.6824395752785982E-03
2000369                     +5.7345815663368579E-17     -2.8287447060812676E+00     -2.2702948682871080E-03     +6.8567161488294093E-01     -9.7811184838796734E-04     -8.9137097915709517E-03     -3.4381565965931862E-03
2000336                     +5.6429999999999999E-17     -2.2453228332954786E-01     -1.8974953762134090E+00     -7.1735495853601916E-01     +1.2507276318362806E-02     -1.5942286114786087E-03     +4.9359864840020716E-04
2000063                     +5.6404017439762427E-17     +2.2671760010765252E+00     -3.3731557648799321E-01     -8.7540913136423384E-02     +3.0278456879993657E-03     +9.7188257921756414E-03     +5.4763200965951327E-03
2000442                     +5.5534656287469117E-17     -2.2133107548022748E+00     -2.9123540048346781E-02     +1.6452769085843316E-01     +3.8333901588113697E-04     -1.1221940809768287E-02     -3.9255344393938759E-03
2000115                     +5.5258241903855268E-17     +1.4024413451913109E+00     -1.7341184609474083E+00     -7.7515426752960204E-01     +7.3963570543070017E-03     +6.5849216795359749E-03     +5.2884025633910007E-03
2000415                     +5.4001214087434229E-17     -2.2688845003190385E+00     -2.7103793322405965E+00     -6.3424431287219518E-01     +5.3763093457738949E-03     -5.0058712378044587E-03     -2.3209965061826193E-03
2000338                     +5.1407683428632203E-17     -2.2561107678349059E+00     -1.6395697493593813E+00     -1.0251872818085204E+00     +6.3671311316320202E-03     -7.1189996383775635E-03     -2.6551498394898798E-03
2000329                     +5.1143093942960568E-17     +1.0476332719842898E+00     +2.2821524249302834E+00     +2.9500298444014533E-01     -9.7295650067992130E-03     +4.3444917042337744E-03     +6.4058146430157796E-04
2000060                     +5.0911367830144641E-17     -1.0787333093107754E+00     -2.3458432945919792E+00     -8.6455392507771411E-01     +8.3829845424241347E-03     -4.6483906673625425E-03     -1.5696150619391766E-03
2000593                     +5.0188993452074918E-17     -1.8188831251934829E+00     -2.2187190605664258E+00     -5.5673215646856977E-01     +5.7042466144559484E-03     -5.9832455725170597E-03     -5.0150738504964494E-03
2000752                     +4.9982048125892481E-17     +2.4953893078125748E+00     -1.4844044267818202E-01     -3.5012497513554258E-01     +4.2148374050241921E-04     +9.7474991865456693E-03     +4.2782186977296591E-03
2000077                     +4.9312955095007287E-17     -2.7027725813194037E+00     -9.9910900267592573E-01     -4.8109176475081994E-01     +2.8016968272097246E-03     -8.2740884433985251E-03     -4.0156664315512125E-03
2000287                     +4.8033737856096102E-17     -2.3288011823681671E+00     +1.9391766272532315E-01     +3.0992358652404350E-01     -1.0153361580072496E-03     -1.0809894229944109E-02     -2.8776889640913304E-03
2000778                     +4.7743547738799828E-17     -2.9721273462868640E+00     +5.6945540438462790E-02     -4.7688758970771933E-01     -1.6511329482135513E-03     -8.2049958547058318E-03     -5.8884786512937073E-03
2000044                     +4.6886407201292200E-17     -2.1301229533106403E+00     +4.0231523312256151E-01     +2.6422491473352755E-01     -3.9255617398535067E-03     -1.0891948342694307E-02     -3.9732549495183492E-03
2000177                     +4.5372886294250988E-17     -2.9562108845116666E+00     -1.5654139505429980E+00     -7.3988372929257729E-01     +4.2927299859327741E-03     -6.3054516789544561E-03     -2.8895038439823283E-03
2000075                     +4.3573746250771268E-17     -3.1208722142230823E+00     +1.3781573118547032E+00     +7.4509560143962950E-01     -3.7201510713935392E-03     -5.9038203358598006E-03     -3.2018573607138392E-03
2000172                     +4.3177157644920528E-17     +1.5720129012665185E+00     -1.2555801137079139E+00     -6.4195439544259603E-01     +8.0117897110659909E-03     +7.6999625000253704E-03     +5.6475333022968487E-03
2000914                     +4.1172682683995418E-17     -6.9927886123298755E-01     -1.7724559549612606E+00     -8.6788563750400605E-01     +1.1343187771119511E-02     -4.1867515997189436E-03     +4.1125130376445324E-03
2000224                     +3.9520590343452718E-17     +2.3574849435967007E+00     -9.2913719386193971E-01     -4.8713428736902625E-01     +4.7544462473012280E-03     +8.4440132108172528E-03     +4.7929309920272936E-03
2000485                     +3.6737960799234177E-17     +2.7411478102178233E+00     -1.2182120483300662E+00     -5.3069212571986005E-02     +2.2885023713684685E-03     +8.9984047622793800E-03     +1.7129132154426574E-03
2000337                     +3.4515074511865959E-17     +4.2994439941077922E-01     +1.7191188786447706E+00     +1.0500057338898312E+00     -1.2539047451006482E-02     +2.0076522300680943E-03     +1.0663492801042240E-03
2000111                     +3.3519192811280561E-17     +1.8406646849690227E+00     -1.9912972882766207E+00     -8.4173400907738438E-01     +7.1192387289475672E-03     +5.6708046359092859E-03     +3.3598063325463922E-03
2000547                     +2.8123577458657678E-17     -1.8054545524633416E+00     -2.7364273446451595E+00     -4.5848672118278988E-01     +7.7033935810326007E-03     -3.6422521677704177E-03     +7.2722382764131858E-05
2000118                     +2.7000759625981351E-17     +2.3116231726854322E+00     -4.4356769164168963E-01     -5.0700824269486267E-01     +1.1134830951084599E-03     +9.7581670597267078E-03     +5.2079095773847938E-03
2000113                     +2.5580213924578190E-17     -8.9530508833549749E-01     -1.9229491583861598E+00     -6.5492838853423674E-01     +1.0620281142319445E-02     -4.8072414274980000E-03     -2.6430888595202822E-03
2000347                     +2.1949122177817369E-17     -1.7404723235588313E+00     -1.4788664456802931E+00     -2.7443890050297454E-01     +6.4507775088924781E-03     -8.6437803411857674E-03     -5.3610532404398297E-03
2000584                     +2.1760595614159460E-17     +1.5562740319090711E+00     -1.0739202800615555E+00     -1.9775570478174484E-01     +5.8921977985017153E-03     +1.0551546264314206E-02     +6.3038048395550762E-03
2000198                     +2.0538576829083310E-17     +1.6087538585750720E+00     +8.9188445856348642E-01     +6.7076143345638084E-01     -6.0201629505483968E-03     +1.1390936652550386E-02     +3.8149442272350782E-03
2000591                     +2.0038393509521630E-17     +2.6897106603120831E+00     -1.2934621505211983E+00     -5.8975231329791089E-01     +5.3962149105411987E-03     +5.7697109379570774E-03     +4.6140638587570835E-03
2000432                     +1.8780122958989279E-17     +7.4976520870208196E-01     +2.4401917101816983E+00     +8.9225369283136380E-01     -8.9741635048611827E-03     +1.9995617125119600E-03     +2.9834129481514735E-03
2000623                     +1.4497976797693291E-17     -2.3499373297199919E+00     +6.9929279228320484E-01     -9.6885199271195904E-02     -3.5683379674133781E-03     -8.4261087332752893E-03     -6.1592439005452885E-03
2000132                     +1.3196141221701560E-17     -4.0737861955335325E-01     -2.2944335130787370E+00     -9.5245848463151128E-01     +8.4507863664018707E-03     -6.9032029932147984E-03     +1.7789427331621436E-03
2000585                     +1.1716991540679400E-17     +1.1661343884343298E+00     +1.9874196881827948E+00     +5.6649521295448524E-01     -1.0429384251945126E-02     +4.0985164987353889E-03     +1.1548905830773832E-03
2000433                     +9.9000011897959024E-19     -1.2041485200370792E+00     -4.1834316176203862E-01     -4.5315453149342705E-01     +3.6002783943806975E-03     -1.3289729755580054E-02     -6.9030198850884156E-03
LunarMantle                 +NaN                        -5.4147663825293180E-02     +4.2485573826608863E-01     +2.5642582726674223E+03     +2.3013404932266894E-06     -6.6002177152603970E-05     +2.2999341817950175E-01
LunarCore                   +NaN                        +2.5514083634858424E-03     +4.0937716287868259E-01     +2.5601154745041295E+03     +6.4437330867148316E-03     -5.9817995006722271E-04     +2.2968509873693774E-01
1000000001                  +NaN                        +9.9302927234542788E-05     +NaN                        +NaN                        +NaN                        +NaN                        +NaN