0.0045025087846405545 0.0007670764270910071 0.00026605791776697764 -3.517495360755232e-7 5.1776264098334065e-6 2.2291021789120296e-6
0.36176271656028197 -0.090781972156766 -0.08571497256275117 0.0033674939720057607 0.024894520557683434 0.012946300409704091
0.6127519408350721 -0.3483653690336222 -0.1952782866759438 0.010952068423528236 0.01561768426786768 0.006331105702977865
0.1205272339283989 -0.9258142388494225 -0.401527015576298 0.016803964778078287 0.0017503437910179641 0.0007592425273925382
0.11971905657692072 -0.9278088688349194 -0.4026142782593687 0.01740504959369251 0.001582898321860314 0.0006736803859915893
-0.11018607714879823 -1.327599450302983 -0.6058891404842914 0.014481653057047565 0.00024246307683646837 -0.0002815207279243388
-5.3797067685539375 -0.8304813265633978 -0.22482887442656546 0.0010920125942373378 -0.006518116612807383 -0.0028207827622986786
7.894390682909531 4.596478055171273 1.5586958428319002 -0.0032175565165009157 0.004335810341746625 0.0019286463168601555
-18.26540225387236 -1.16195541867587 -0.25010605772133804 0.00022119039101561473 -0.003762475008108844 -0.00165101502742995
-16.055035780233368 -23.94219155985471 -9.400157968802395 0.002642769847980055 -0.0014983125505409777 -0.0006790419608029134
-30.48331376718384 -0.8724055568410499 8.91157617249955 0.00032220737349778075 -0.003143576393645329 -0.0010779497595973131
