-1.208270526225632 1.963641380708032 1.170481449363465 -0.009348216591255532 -0.005863175034617146 -0.0008596609867992848
2.184030548114008 1.198915569652739 0.191863884856554 -0.004321985844563382 0.00874883053023608 0.004048520367290109
1.384509520030353 1.939879554294629 -0.4783023871065418 -0.01070693128257547 0.004732764911789371 -0.0001919115099931094
1.666513850636521 2.766765299682494 1.370670783456213 -0.007624891540472108 0.00387697280637834 0.001207367009904742
-2.076531327194815 -2.397499049603093 -1.806894064881466 0.005675058722108875 -0.003051138757151241 -0.005142964348552769
-2.37602478904052 2.218105053829555 0.3006881623993672 -0.006576520555246163 -0.0045891520460114 -0.004550537311019817
-0.876600787322885 2.253594303329952 1.003973188794105 -0.01067223142518598 -0.004055106533603415 0.001692978401113464
-2.795051071635251 0.8927115131708406 -0.1258584848162926 -0.003652671765005913 -0.007362182686571186 -0.004722664003680156
0.4289049254954349 -3.017470320615387 -0.5843076659756019 0.008400084274407223 0.002987592823665959 0.0002284502082110249
-1.003498055398269 -2.771547903921973 -1.021121500252447 0.00918214045069202 -0.001705178667861017 -0.0009087163375659656
0.7251706721898924 -2.812379487184782 -1.054390078160352 0.01004353946494749 0.002000105956103708 0.0004633355826647212
-1.425524778474217 -1.919162005699323 -0.9982374385868392 0.009960800764494968 -0.004561032423482173 -0.001045899425269209
-3.128979050649662 0.02320613293673892 -0.01673690729237055 -0.0007676658729843824 -0.00925075863787025 -0.002816282679147151
3.181514796389428 0.034239898758198 -0.3310943773699579 -0.0007178407840855333 0.008898064169898964 0.003095365946380534
-3.024665952070134 -0.62778331176407 0.6232450646545297 0.0003038138581763206 -0.008711451297553446 -0.003898777382882515
-3.464868526976781 -1.285334337766602 0.06671184591542338 0.003023389428672203 -0.00700415752509417 -0.004127336254790489
-1.922936484840936 -1.969007446255061 -1.011450290319849 0.006715722396017676 -0.00547337402037495 -0.001569014052456904
2.870396035010923 -0.4477083780583255 -0.8331369761590937 0.002891996941828382 0.008688302151712677 0.003900651972205832
-1.88796445726632 1.446616499570169 0.8045129598667586 -0.007791104672508183 -0.006698818643385854 -0.003851531430099593
-2.780372806269273 0.01081467275213024 0.02843319731960074 -0.0008268028050622241 -0.009913332352320644 -0.00441771590646344
-0.6392346268505525 1.776881825332397 1.428839879349376 -0.01090963509176572 -0.004079417727526452 -0.0002536428996744484
0.788421901831308 -2.729732989114384 -0.536050831282823 0.009753281846252985 0.002091010829930995 0.004247620296368571
-2.16657673328504 -1.855374694490429 -2.457166949221179 0.005359546221216615 -0.004954215102333147 -0.003104984768511748
-2.280099099379006 -2.633424332481486 -0.5805676838741985 0.006461790947951854 -0.006156723730997955 -0.001612696647787505
2.795766160254362 0.9623281231070812 -0.4268284659040933 -0.003590485168628189 0.00865528504936393 0.002125862657287167
1.327487768775764 -2.519949156951217 -1.553919148459729 0.008672949551246404 0.001391795180843672 0.002871034648948197
-2.074022072555162 -2.608671168752132 -0.002436785690272842 0.007175071280305484 -0.004781985829835877 -0.000871490914739459
-2.920832312563245 -0.9688253496724002 -0.02721169004532437 0.003061963259015189 -0.008410498679218115 -0.002295754042895702
0.3180218984675632 -2.052068426274735 -1.288979846977987 0.01019005429838104 0.003745370212656363 0.003668696332706098
1.903873312603533 -0.9927781029341961 -0.5096641913125911 0.00624256246310053 0.009856272038763615 0.003293508469701173
1.793092502958369 1.940033071190514 1.169465067713341 -0.008371471382710056 0.005462354640549168 0.003398178276581461
-2.506266328427297 -1.895079616121688 -0.4167673121534701 0.004919387068160996 -0.006206812405088456 -0.004700124826393614
-1.105406357862412 2.578345542820793 1.441058566222103 -0.008820041386081234 -0.003209934409898451 -0.002247226172491705
-0.34586654115122 2.5994206272332 0.1695258805187215 -0.01068571207467989 -0.0002211206054309103 0.001870879697862156
-1.72119098925208 1.168503414030185 0.8214953563621353 -0.006625337446633471 -0.00982498978366014 -0.003216384914616678
-2.775743934498967 -2.388719247052093 -0.5935984184134351 0.005535559514453854 -0.004453932714495594 -0.004940014934011017
1.891858403107674 1.020089575832324 0.2942489861290722 -0.006696647683935117 0.008935102453251959 0.004926320056207668
-0.5009342956246389 -2.441436553072993 -1.48073551213021 0.01021327672346399 -0.00203413208237943 0.0008013846450922919
0.9852863223965871 -2.073575193075987 -0.826560364505302 0.00922658904304811 0.005484008568380688 0.002368507249826027
2.435880755178559 -0.4207375520390537 -0.5822208758014623 0.0009940772698278186 0.01168547781756052 0.0006468310306334055
2.067739522156136 -1.1898007791951 -0.7955095524284471 0.005431689243502806 0.009197048348504148 0.003633338979703801
-1.982593852010911 1.045160067585819 0.8479603667824659 -0.004454303958543694 -0.00929585392547265 -0.005737046044683105
-0.1841198913680531 -2.090804369407965 -0.2790918160532904 0.0127547901902786 -0.002968167064999614 -0.0005141564334476195
1.995794995605057 2.349044188109914 0.196103140793398 -0.007346574121648064 0.004279699161604038 0.003571744106797959
1.716503680969443 1.715742094754594 0.5246618962432262 -0.006540741108307198 0.00906776082538366 0.001447395384548329
-1.763738799449128 2.45444642983209 0.5037474472672935 -0.008278462894331241 -0.004044309972061182 -0.001388837546681488
2.610404184948473 0.933033230304666 1.62033791610338 -0.004417063094408719 0.007968901377980618 0.002943144328254554
2.222023373888864 1.941659401681676 0.5797934953137315 -0.004966751480838673 0.008705515903077636 0.001243898848864151
-2.430808727331786 -2.542158710215369 -0.473064754829609 0.005648957450998186 -0.004314296198283311 -0.00367418198774271
-1.963400412331332 1.774751282805575 0.6975715444832977 -0.006574407571651642 -0.007772122880006927 -0.002077615920416634
-2.843152203815274 -0.2879616361040032 0.433825788274225 2.181584192161144e-6 -0.008895297474980779 -0.001931737882856718
-2.621475571645227 1.419213211236798 0.5164153308448781 -0.00622390070909081 -0.007784829298050503 -0.003171070196010257
-2.847903304085106 -0.5717677743304369 0.3365760379529322 0.0008386953197196329 -0.00781390053969195 -0.006923080364245516
-2.38250338835747 0.750049592170992 -0.192819622827775 -0.002136727476220257 -0.01016055718265457 -0.003727932041692703
1.447009787526975 1.932773441384015 0.5988969122771854 -0.00962189985249393 0.004030899216866486 0.00432927298026574
-0.9045392624361603 2.561308327532008 0.8837907679727424 -0.00949968913727284 -0.002955655928444242 -0.001047688011115772
2.925545386096562 -0.3331487485805562 -0.5745964222778238 0.001471929205755935 0.009490823876379992 0.004348505535172359
-1.915634662047304 1.910668665390615 1.292687284263709 -0.00803037263938815 -0.005175426295710501 -0.002318209683533129
-2.857505027005391 -1.453741601718959 -0.407898350464089 0.004563947432731715 -0.006310320361182783 -0.00329531283970309
2.175834842937731 -0.2915370202295723 0.2314566839940901 -0.0003598841364898419 0.01242051560974313 0.002754475860110567
1.418740973842326 1.926943498799805 0.4768427180948552 -0.008999513899162178 0.006963834867597077 0.002095619518190446
-1.093340193822152 -2.388004465413204 -0.8345103617249199 0.009931255239137564 -0.003089725059776182 -0.003450136282754682
-1.418976815577139 2.777632187229171 1.383578964307165 -0.008793356572705354 -0.002964046783649879 -0.0005221988641559645
-0.8051226452355064 -3.626585845380208 -0.5345234676792465 0.007436081089037435 0.0004978034326671452 -0.001763532123773648
-2.203548995200083 0.6701196818010924 0.4893048254853627 -0.005056518942155282 -0.009089832682595712 -0.003026833877415463
0.5473259110867194 -1.943295638744335 -1.220879330947094 0.01164384148327175 0.002339925571851075 0.001314397287649641
-2.893063126197271 0.8878900278974383 0.03560677752446127 -0.000889302374561351 -0.007820457003994488 -0.004969965417408
3.016280443722813 0.6199543928275438 0.8884713121026749 -0.001914497575449214 0.007767313652209165 0.002466832127756678
1.544973487238551 -1.713378972362168 -0.9359165693869732 0.008959704967525493 0.00648998748023518 0.003462863257041535
2.482624408520323 -2.030686922102507 -0.5141833545645318 0.006232916650101853 0.006943475570921504 0.0009978419799645238
0.8205816540358583 -2.799843034345567 -1.405390008570976 0.008576281393168236 0.003793448072612264 0.001137893702960215
-0.473229087735824 -1.492331553855235 -0.9409156871610201 0.01390300288946859 0.0002590400032254746 -0.003961175621410989
-0.8248552489909148 3.089855798768967 1.050342773656529 -0.00925482375488289 -0.001479516094122888 -0.0008707072855780824
2.659072739323211 -0.5416332917074186 -0.0646195337734544 0.001569395453530335 0.01045131256246847 0.002069614000413102
3.258707247144401 -0.9598099976299559 -0.5200025419869432 0.003375800159095663 0.007505972476527006 0.002927458975490635
2.901174049502961 0.6847685710903161 0.2223556986968029 -0.003966804317604737 0.008809394727964975 0.002287915207519201
0.8424022106786594 -2.577815095887294 -0.553344641499636 0.008646310724531061 0.004069586082657961 0.002678535938116358
-0.9327298949334941 -3.149887692080476 -1.280599832136689 0.008563236284664958 -0.00274744655842454 -6.978735449289211e-5
2.716600094599928 0.7647755889919645 0.2670876136834955 -0.004223565074931129 0.008827370331035521 0.004366054121184596
-0.8831499989547915 -2.902229777398723 -1.244704150595565 0.009065478129771772 -0.001436900603134944 0.001315828704400475
-0.9054629562075556 3.004103428150731 0.9167290951554454 -0.007890792981788556 -0.004000605365827403 0.0001645940838993771
2.760867795295789 -0.3998824083478879 -0.9445608075713023 0.002334763695640781 0.00984509540158743 0.002339754776495694
0.3673906863798179 -2.256712089030817 -1.721304075391845 0.0102962096012472 0.000949577662394782 0.002180829892778734
-2.60955843350097 -3.042645575082449 -0.2054999362105225 0.005484349675909975 -0.003032652325255784 -0.003749272115506294
1.163992832597361 -2.341216837835889 -0.8996880126396247 0.009158058999715448 0.005079365030228164 0.002165651298549122
2.632231492107786 1.665266261719966 0.4437635461393277 -0.004996285976426254 0.007162031856671153 0.004108045141339625
-3.026438873043899 0.2779977425954502 0.02677586850759827 -0.00098090514020738 -0.007639132867342247 -0.006051524395204154
3.085630760514627 -0.8525669505924448 -0.6067337829137553 0.002991800074646617 0.006722257829467155 0.004570548852451641
-1.301720049910742 -2.381640348226281 -0.6748687397815311 0.008936545479047577 0.0003288395989344173 -0.004340824301905208
2.570210350490306 1.954117304130023 0.3904457273999383 -0.003636953035508827 0.00902444514952486 0.0001536173746280202
1.056240929237013 -2.685805227350989 -1.089464053718097 0.009159234943334127 0.003244542218296653 0.001672028359492742
-3.101653394833534 -1.449697345242486 0.00210797904848767 0.00403194704505595 -0.007154119876302367 -0.003543598732451284
-2.288705659448665 0.9311818354796739 1.011770499534796 -0.004350610782031295 -0.00918912851768085 -0.003138582163615816
0.002345462459530849 -2.734697673889842 -0.5449774942037138 0.009886818992842189 0.002334175378442938 -0.0008459395768843467
0.1993255070625177 1.78197547614226 0.7616238442953738 -0.01331057684997311 0.000884384294207579 0.0007802457076509458
0.5591426290321907 -2.952225463324979 -1.431042503737712 0.008781440615819295 0.001843038113483978 0.001444148017435024
2.971466121452278 0.4251209844248331 -0.6025005877658279 0.001227994482038404 0.00851052426655363 0.004252567029473248
-2.762349965966666 -0.8671493898489141 -1.768880308934042 0.002438223101896817 -0.00849089424659051 -0.001968547787409872
1.917539662343598 0.5506290668669793 0.6613435513001822 -0.004817799904599258 0.01059048751857508 0.005939908249846281
-1.198164240888871 -2.187774682274967 -0.6888426702730123 0.008298280709970306 -0.006120845605470963 -0.002645395777911186
0.3741747466975615 2.73939416922756 0.1263905185485434 -0.009429633888527954 0.000695872520383011 -0.0004753409811726962
2.232950165481546 0.7796763960660619 0.2939293570096358 -0.001477919663703401 0.01108368605102692 0.003041933246042957
-2.194732845916975 -2.677764444168872 -0.6192097522230265 0.006686671838713331 -0.005411673150142173 -0.0002725531428559228
-0.9200733692426243 -1.635714767231477 -0.6748909351594512 0.01255911986256248 -0.00480192056539132 -0.001132419172374175
1.313511432133689 -2.203352172315381 -1.411820216208817 0.008692812018714023 0.004028576060618311 0.001618158532229781
-0.9318476573787062 -3.074202869399381 -0.7718303665074209 0.009066211448073501 -0.001741573528235455 -0.0004800718909798229
-1.354195160986337 2.663057856356206 1.358215920234473 -0.007067941694318221 -0.004705536896738791 -0.0004478342624566936
0.5815428214926618 1.585355552629559 0.9911170180290453 -0.01243890548566386 0.003400531880537741 -0.002805989306819213
-1.895905540360922 2.652417497091017 1.121584457818929 -0.006964612668413838 -0.005614924027096554 -0.0003205469522842319
-3.419365136596652 -0.3346522919015397 -0.1951660155602086 0.0006660583773873243 -0.007606083774252949 -0.002685378033037739
-2.893045275208941 1.173702927021754 0.6381138134569304 -0.003847794844627549 -0.00737724986213651 -0.004283348343457813
-2.944241163320784 1.095675983916166 0.9382698007882345 -0.004140439904626402 -0.00679575040887853 -0.003334127177912733
2.299981386827694 -0.7393212444103436 -0.7526444230222717 0.001704269941122624 0.01019279186030132 0.004062589083657195
-1.552539272873989 2.175568567897148 1.718435573750359 -0.008208092308462728 -0.004830965165826702 -0.00153700366386941
-0.4720587408480514 -1.993381703583569 -1.483297650169521 0.01060056045645271 -0.001327294738676932 0.001822364798803921
-2.144919828840197 -2.768113615704736 -0.4282102808954033 0.006283892003811364 -0.004888398583410508 -0.002335778644988807
0.6110400156239624 -3.489181365427111 -0.5776288766605814 0.00854528332215916 0.002595381309952525 -0.001209507262182266
2.00986195958776 -1.455370633844937 -0.890252818993967 0.00580164844763045 0.006954513284179931 0.00515866919074989
0.5721535005849171 -2.571637096189916 -1.431653294504739 0.00884765350332119 0.003282878796057088 0.0001075269000789934
-2.865189091421088 -0.6139005791089067 -0.2392084871849445 0.002541690039291793 -0.0082228358134906 -0.003170097419540855
3.564031366093846 1.550053785825618 0.3421918089927161 -0.003304792522722693 0.007459843417233488 0.002997821344824276
-2.403159147127054 -0.8283408939822167 -0.8155850786345815 0.004219458428773492 -0.008911485258594027 -0.005564582336565889
-2.155516494678844 -1.392994244656795 -0.452749386722453 0.007875579733341466 -0.006776757652740017 -0.003259183368183493
0.7660280851990983 2.291906765497028 0.8767351587134858 -0.00988779343250197 0.002727052816050482 0.00496128253176025
-3.076213686322433 -0.05193865105996209 -0.2474105149252927 -0.00110853077773397 -0.008861677539689966 -0.003845117737558106
-1.035773458609369 2.797232082463045 1.107046390139723 -0.00913410060487041 -0.001756452686927327 -0.001723781992823958
0.3760738992435221 2.043886635865614 0.8421692122065222 -0.01128327232347164 0.001935009762536533 0.001736374066690015
-1.629404585545782 1.701825389716968 0.5389394896576339 -0.008290953392554107 -0.007741448133059366 -0.002574339984954082
-0.9146494110144523 -2.715388228365305 -1.24098314606146 0.009250352214802212 -0.002509808922677401 -0.0003996745341003959
1.629094116009878 -2.587837970572228 -0.8921288934596004 0.007693259383771296 0.004428394215711174 0.0004834016588817913
-1.014973183573423 -1.923252054216412 -2.136818931094866 0.008983878276091331 -0.002132553825465445 -0.002703595686486471
-0.07889670963131101 -2.664078589615916 -2.192474324295882 0.008709910422080164 -0.0004320776069813801 5.133537324932976e-5
-2.819448345158405 -1.86886091438888 -0.8651244933811605 0.006541491938695266 -0.005130003982041473 -0.002700354361886619
-1.094987355515246 -2.688266306152105 -1.597730448680478 0.008695756207920556 -0.002558138449784437 -0.001150373055534446
-2.914390701320623 0.1419670696754466 0.2858346003569794 -0.00177385070819264 -0.009652626521736277 -0.003208516691305249
-1.615826432707152 -2.005963889229171 -0.8129177586639914 0.00938168473988305 -0.001638534676716905 -0.005789490143365219
-2.810852346749353 0.03252578336438495 0.51332412437416 0.0005347924231688421 -0.008237221882132485 -0.005099335122383683
-1.814511376402429 -1.54158786218525 -0.398654217565593 0.00884236574326199 -0.005484073643774993 -0.003922278285538728
-1.727975231172928 -1.880686782573421 -0.95350506750974 0.007180405598789606 -0.00591970810515532 -0.002357122316266833
0.2956364040543037 2.784626449827676 0.2633224989220068 -0.009288278751130408 0.003106239547501063 0.001372979654231564
-2.234690973489595 2.119897689543291 0.1888004595455063 -0.007438264657233498 -0.005428281194534071 -0.003306052967508764
-2.139506930487246 -1.757374486982713 -1.979388615857703 0.006188499955739493 -0.003465227033288771 -0.003921861190212409
1.151115537280077 -2.961410832950606 -1.320987956156006 0.00837860367141866 0.0007882624299723066 0.003600124158535899
-2.419265313801648 -1.84634381373221 -1.174874542746596 0.004710838754537894 -0.006151435097619118 -0.003718428498986284
-1.745893292508961 -1.035541077901714 -0.6324161109103241 0.007393488218280921 -0.01046137937667029 -0.002388284278234527
1.832939783763374 2.402051312825666 1.416703159209231 -0.007549093053180072 0.004425686276483124 0.002633494371043948
1.679365099287031 -1.750141671038436 -0.4393184998763677 0.008196484640553664 0.006708826224835056 0.00150975371604994
1.472352979545709 1.648685946687824 0.646097716108581 -0.007679556494274963 0.00784058749894892 0.003922226291389054
-2.464589545573426 -0.8663536300829124 0.8268521392459479 0.0009750815542666134 -0.008334464418908026 -0.006860986402887573
-0.2331563036405599 1.893579333685805 1.082156577986549 -0.01203961840496494 0.001522078578350614 0.0004042693033828999
-1.257477310813354 1.448795045095149 1.125793724177968 -0.009739440252292815 -0.005936666919530598 -0.005146669440525989
1.476006755156534 1.660392595633848 0.7808685431919005 -0.009504312547509173 0.006166462710011466 0.003015195578282298
-0.1624860286807145 -2.181799949163891 -1.125515007234979 0.01112866827516867 -0.001328700286434828 0.001640329530215676
1.065561958833545 -2.788457646746331 -1.580480662423341 0.008611236514009368 0.00172901875468364 0.0003186188149334994
2.808893262285714 1.970687452566422 1.247717395547564 -0.005433989688414399 0.00500305618298663 0.002951260763811458
-2.084361958428953 -0.9211312140680207 -1.358655394211954 0.005636370508171993 -0.008326444838961326 -0.004396035476568722
-1.173128063841499 -2.206205016104909 -0.8185329129198121 0.01026313161167867 -0.0007026082695357109 -0.002716182387641408
2.177318808061389 1.059306549772178 0.9965686878703751 -0.004986601613633343 0.007882414191459488 0.005906957621249493
-2.894108051751606 0.4507957755059768 -0.527692333172331 -0.001914226630639513 -0.009945716647182272 -0.001192831369129788
-3.137022885632728 0.5664855890801128 0.9893756417977407 -0.002575133864019898 -0.007014934785102232 -0.005426616760182582
1.971144505027091 -1.479733412793717 -0.9616902660394214 0.006329390053501996 0.008423157813185835 0.002533849731945767
-1.249516065106648 -2.54421928194706 -1.258475351230099 0.008059962790208857 -0.003265221579618297 -0.001689005217842715
-0.7361071956073748 -2.643277701999227 -0.4186885377737932 0.01032384351577124 -0.003374600612577852 -0.0006341662583077749
1.149851064043261 2.090092312061886 0.8131825075543769 -0.01000069440088667 0.005412652000766754 0.003299674197139686
-1.630926581711153 2.22049188952016 1.404800398848774 -0.009254071124497089 -0.001733804712813846 -0.002732856169142551
3.10020421362321 -1.486837663411894 -0.2231860349672098 0.003179818787650156 0.006709790536259656 0.004757380558565477
1.599341003521084 -1.427153059516771 -0.659740643263859 0.0091659970238687 0.007454606876188902 0.001963435061862655
1.377383936671176 -2.173066121393743 -0.974534032980249 0.008602088420317587 0.005292443758740569 0.003938158626867697
-0.9105241036659746 -2.311035620028819 -0.5197454111742953 0.009997016443087722 -0.001493529956683787 -0.001286859592668973
-0.7289706815037058 2.127498007404805 1.305601587351304 -0.01074242095728162 -0.001223950493180955 -0.003738310496829417
-2.070991746739165 -1.821938218163696 -0.8288390746853135 0.008431407130091158 -0.005219239056295714 -0.003692301668064309
-2.854177793555214 -0.3842497961219465 -0.3916660994500137 0.001994543237430672 -0.009010909497562822 -0.002691978981749307
3.166494595988711 -0.005920293630327336 -0.3555517977140089 -0.0005963109147872479 0.007773452580524489 0.005546432059921798
0.8586497933316308 -2.069244764431748 -1.358721738854566 0.01020812116755643 0.00194092820573207 0.003721160578199386
-1.807255553564291 2.82081956904138 1.682658898412543 -0.007098845374355504 -0.002905819617243007 -0.002636810711977602
-0.538352312880486 2.610852357850473 0.8148328103142112 -0.009176284726146877 -0.0003934046210006878 -0.001302280510886852
-1.844000133838207 -2.220712676255587 -0.600096595887564 0.006699095017311246 -0.006489566477801073 -0.00444458021910386
1.30771886217333 -2.502261341777379 -1.539796338226983 0.007790741467429829 0.003227913713823963 0.000231874581363844
-2.025209501769978 -0.6598015572694579 -0.01773537939063286 0.004738700158309065 -0.007395816973585535 -0.008542628805174552
-1.278935913489683 -2.09055730307806 -0.6838472588555669 0.008790594402619308 -0.006321717811908247 -0.002872869639969304
-2.800698376196416 -0.5503084350470976 -0.3114983012901893 0.001837811483928093 -0.008712025046008837 -0.004329929848417013
-3.000096064545521 -0.8743491639352378 -0.8574375449206961 0.002682521119967526 -0.008167826912986462 -0.001772938947422813
-2.68900510161722 -1.681575591693073 -0.1183893238942411 0.005553268036804551 -0.007117990232387931 -0.002558485770268996
-1.170918396941547 1.772881350452725 1.009114241576997 -0.01133635860536306 -0.003931793765177781 0.0006014258319983623
2.106206479042599 0.090125972361991 -0.6003522337300564 0.000343511953030844 0.01113192304964516 0.005446765597872716
2.409203715033502 1.650118062375068 -0.08141727510885442 -0.005567671057527501 0.008360471805754352 0.002805445065175886
-0.1231761559181195 2.216850430890374 0.7315631106126451 -0.01127010027981687 0.0005671877502228235 -0.001513379740806947
-2.833307064799582 0.5198433991694386 0.06290677596528285 -0.002838604053043753 -0.008169053800863047 -0.004768510278437462
-2.556931576120412 1.500888228219531 0.5214500410481515 -0.005738923385480287 -0.007749839464517954 -0.001326502935369026
1.638666018026737 2.069838771145968 0.6601703807681065 -0.009032447451672426 0.004726975968071056 0.001819921543266383
2.700365389976279 -1.391952995389939 -0.2772597684833754 0.004001497285045348 0.00891466105659992 0.002006888336676116
-2.397332943001187 -1.960904769061048 -1.78666838623126 0.005723115104849697 -0.003744236270305249 -0.00328975572498212
2.904199669800346 -1.775840996270563 -0.8310305939016416 0.003298756031911038 0.007939918112331116 0.000472558304847222
1.030400856545996 2.553746041022063 0.2407197404229881 -0.00967213177454867 0.005180785816435934 -0.001129433248952001
1.590690579196574 -1.216760484767518 -1.01769416237235 0.006462937078136175 0.006265097683674013 0.00817968052226802
0.4628637484439271 -2.905006035426717 -0.2288758204621533 0.008842015880841759 0.003290232668016616 -0.002102700959671811
-2.529842036991857 0.1339208817126664 0.1902869257001485 -4.604792737916723e-5 -0.009924953474803629 -0.004821542859749241
1.895154037581458 0.1641788183035041 0.05088775866016722 -0.001712381535610222 0.01310768055215006 0.004943238376611464
2.105228792164579 -1.275118293162553 -1.046795352611934 0.00852258755844562 0.006179835022107497 0.003803859011346842
-0.9230202061828425 -2.853372176574895 -1.341510378157847 0.008233555854503595 -0.002179756467123889 0.0006338424103085401
-0.1002355352049038 3.174709966822281 1.405637285242801 -0.008395951417659805 -0.002216299488309049 0.001412460346492591
-2.000578762960106 -1.611034492590387 -1.075800365201665 0.007087449175778603 -0.006610753126444676 -0.002361720620029894
-2.833994719810014 -0.280534527256968 -0.4539143607862451 0.004393448277244989 -0.008847868115478151 -0.001066625539654218
2.541435658864511 -0.4374507368518286 0.1953355321233217 0.001262893754580679 0.008836338367830055 0.006880612164729394
0.7053344584463735 2.041469261982307 1.298905026843685 -0.009664352552219084 0.005828307168143483 0.0001014771173324022
3.401327964639265 0.6154933152135141 0.09930788032610607 -0.002182558656138479 0.007763786652754042 0.003394652215016739
-2.21703971541243 -1.622552961587907 -0.869098447753572 0.007923937702931146 -0.00559308483755675 0.0004422323821050886
0.7233540136548627 -1.755131931016816 -1.188005507438405 0.01198562282803959 0.003691879780962753 -0.0005173618590873598
-2.915708188752995 -1.845432356112251 -0.07345631314120082 0.004488799546051673 -0.007606158402656821 -0.000726241173590999
-3.283010420313443 -0.7387058264724373 0.5348191494814231 0.001825894615877141 -0.008552162096309374 -0.00149441907186971
-0.7814536242214986 1.936557493913829 0.8666768380442597 -0.01139555164404934 -0.002339614513421144 -0.001440393185942132
0.1445575866368763 -1.927425492558604 -0.6739736805564633 0.01289943141041825 0.001515472645716726 -0.0001093604801054724
1.711192871878274 -1.907099490446882 -1.098751742439503 0.007988155009943078 0.006394670259190272 0.0002689573707832572
1.983279999353141 -1.347031626333307 -1.105956591183088 0.00785915312304542 0.006877813605572827 0.0007445506531506165
2.49857313314373 1.070426826819374 0.04467278442461627 -0.005398586117512326 0.007428620851012676 0.00567273304266452
1.893901130889627 2.212225049055902 0.8201990379323697 -0.007144769116383686 0.007483195318241451 0.00121579199455917
2.790035615161889 0.4962025302110776 1.472236869668049 -0.002948358662039207 0.006824885700134895 0.004755158938383373
1.964272828591948 1.418221780221256 0.5731949102217714 -0.007004030178475324 0.008577762466774911 0.002300214514369691
-0.3678862173610943 2.362752507924942 1.205125433216803 -0.01016676770101438 -0.002733822215016956 0.00395687645599203
0.8269197122706008 2.358082148170817 1.104485115127643 -0.009620261250646954 0.003141009998743712 0.002522782688595536
-0.2134551811220149 -3.118889844770404 -1.430616386994733 0.008673557745545239 -0.0007742618301169562 -0.0005978272190411401
1.983807683989564 -1.427260969865675 -1.196584206702475 0.006958136936306676 0.006763061942991718 0.005285094564627761
-3.054955053527592 -1.053758404615078 -0.08371502391438462 0.004318285764948868 -0.007672776882996474 -0.003131598320555963
1.385288586817241 -2.37128546666935 -1.120154052268429 0.008270423318180916 0.003689078495977587 0.001129740772144516
2.678764547132429 -1.244458527001651 -0.2910973316094401 0.002840909292928706 0.008011543011294156 0.00434194116892526
0.5104404014507138 -2.500120850386514 -1.350765543011051 0.009386743947621061 0.002648602272630848 0.0008726375316007908
-2.750081754097645 -1.218418957162261 -0.004260745532614379 0.004902082647611937 -0.006882769898701666 -0.003686783160110105
-1.359582489511822 2.399381121555538 0.7596765201724945 -0.009490357208102502 -0.002171526481777609 -0.001213060851114409
2.053121164471226 2.076937705682166 0.389400933996783 -0.007314294371181389 0.006645701892554468 0.003340829554779249
-2.001873108609167 1.78991694841875 0.8852687754069579 -0.007267118285310139 -0.004447344241632772 -0.0034491677017347
-2.719907212045135 2.182181325524877 1.088827165284009 -0.005410617342564219 -0.005795780789058208 -0.002387353680679337
0.8693137559258041 -2.222838463964547 -0.5210744667447322 0.009828108132478834 0.003743709490718577 0.001955612461160712
1.79632806169071 -1.577274396271107 -0.762977732088855 0.007482634786911205 0.009181026821101295 0.000373124726926435
2.504940681825576 0.5730020566547156 0.1856858898237201 -0.003783517032825514 0.009962095892928884 0.003644499014177216
-2.04113419222917 1.734404462194594 -0.1428558215091925 -0.00591972263583487 -0.008792355310749973 -0.003475396037784349
-2.321197501654837 1.770043400529943 0.8401774657926491 -0.004815013337374205 -0.007342885136057163 -0.004923957355082759
2.317737149931614 1.420261902067377 0.6500404657237414 -0.005653217785101555 0.007752236989977008 0.002329073178129591
-1.33198176411725 2.246224134635909 0.9968876716045612 -0.008837617214687834 -0.006074597697890346 -0.0004504845757345195
-2.726989613817826 0.1494535406829556 0.1648794129057551 -0.001161888639000905 -0.009722284470103083 -0.00355594470193657
-0.5097947716273001 2.190440464113729 0.6061299885919181 -0.01116776495953546 8.094965403605375e-5 -0.001080410581042767
2.489351501437067 -1.158207988821728 -0.2707712761871232 0.00339741317324425 0.008656030674026744 0.001768717331387188
-0.5797405856071338 2.711870971830275 1.780617367066028 -0.009161935301661192 -0.0009126246856722018 -0.001063275586361015
-0.1337657438779236 2.550439721098671 1.532465674748681 -0.009641310924615117 0.002974128190156833 -0.002208869601225073
0.7997593654927718 2.330048798736404 0.6717941547412636 -0.009953620134729424 0.005083630001309615 0.001292233622580418
-2.524479998261535 -0.3364336787129105 -0.4983767877436704 0.002741542806897766 -0.008995080203048208 -0.005703169689420258
1.477166841646472 -2.506303832471659 -1.31508725782868 0.007608821597141604 0.004129822995072762 0.00125641112326946
-3.129729086982489 -1.699173054240418 -1.703057199868582 0.004027203953230098 -0.005848986026395248 -0.002441059426557458
1.155765177532133 2.284302679928262 2.386213560977023 -0.007870937666470698 0.004179478506017332 0.00154185590090217
-2.861990888019484 -1.0765617682755 -0.3438656248813969 0.002111813515521932 -0.00806527682027886 -0.003423827258948841
-0.4278026845681775 2.170985417325929 1.57725175866391 -0.01027733157883386 -0.001967835140052026 -0.002225131854332507
-1.593934236834936 1.472867432187582 0.8499327441613003 -0.007830154028051612 -0.007623689567821508 -0.003667667953101544
1.274285736849203 -2.679635533884237 -1.133889931204955 0.007956778568498446 0.004999798195235107 0.001762615669031372
1.420952500743306 -2.793761453197436 -1.139902450520873 0.007444414779403768 0.004666968685397506 0.002502353343363435
-3.00309520765776 -0.8717824025209987 -0.5042607500302122 0.0006791638224086586 -0.007475767865391717 -0.004553522876364214
2.077046370593347 -2.44519613603195 -0.1645281452015853 0.006818101879677272 0.004979692738538547 0.004207499993694657
-2.819338233106369 -0.8026344661381596 -0.882658362258918 0.004716707788401602 -0.008777666481710475 -0.0003478226231902495
-1.902363321847996 -2.679199805038759 -0.4486091496035571 0.006293313901919775 -0.00502742251698671 -0.001558773114380212
1.090460328824196 -2.309781236237626 -1.200735893639426 0.009034016691959993 0.003937553222079455 0.001922601333911694
1.720062089521887 -1.985201294696999 -1.209947843870566 0.006657440551356813 0.00642702240620786 0.00387842161005006
-2.395945147507747 1.882482901227257 0.7153218565829523 -0.006157999327608973 -0.006162357454776376 -0.001765187216198443
-0.5498871091567381 -2.057177515237218 -0.2936038600138011 0.01235793191434872 -0.001358001246943004 -0.003471428145719616
-2.875356460675677 0.08757387309490666 0.2309271636890095 -0.0001080028343787058 -0.009223482219799397 -0.003261987870976818
-2.78725347294159 1.631332080384897 1.917048700094012 -0.003750662603087529 -0.006038695731778563 -0.003700125609897248
-3.036277728021272 -0.4787172357194825 0.1931268864591207 4.234463925992941e-6 -0.009305063685654348 -0.00355366580366832
-2.253249808819955 -1.285996211156608 -0.2215047686891378 0.006608756009881693 -0.007951096931470118 -0.003571775174184114
1.764693150127737 1.16193025227988 0.5797205079627517 -0.005298325806512055 0.009917110985293347 0.004697355261243308
1.844601217019325 1.890190049068147 0.3688404931290865 -0.007441145286830033 0.006714344392984393 0.004848195534183944
0.5538982689213392 -2.482365055644657 -1.040512967850044 0.009403407962606204 0.001748345322892486 0.0007913237039730983
2.420570365976585 -1.219397123550773 -0.06469783293065848 0.004403141069448277 0.009175050591104376 0.00279502084587188
-2.941796989392865 -0.5783474349042876 0.5741803800876313 1.12206967090945e-5 -0.01004782710285506 -8.10429452996267e-5
1.119944808726322 -2.071510468052592 -0.7663351562161195 0.01026145069328548 0.004226124507135971 0.00166142021643762
1.74339419568238 -1.959058114048356 -0.7231948366046843 0.006593774842133097 0.006658585771954503 0.00208309710136549
2.514468901949347 -0.5227566901276075 0.6573199023520319 -0.0002945440291512832 0.0105190998275289 0.003108562702286561
-2.781688913264984 1.248723699960001 1.598091776218166 -0.005613007486381732 -0.005172787269983863 -0.002350894331176699
2.789131443961264 -0.2787738809213274 -0.1774941737414518 0.001325116866076275 0.009444935912282466 0.003147322020024616
0.4568072859156226 -2.613422354541969 -1.549220999881085 0.008883826533878422 -4.344874562764468e-5 0.0006760382837446693
2.801271105232524 0.7339907636563658 0.380434572408029 -0.003187165501010013 0.008143374338763644 0.004824497948649222
2.065384339990969 -0.7042084591914706 -0.1672497664706561 0.00212511927838742 0.01131601064909707 0.004047195988509236
-1.815036177851107 2.293791523278685 0.6188615286695731 -0.008671689138809672 -0.003262173362668755 -0.002502021964313014
-2.017794121813579 1.290675234793385 0.914664626041438 -0.006983568022275565 -0.007305756600564706 -0.00379812345478305
-0.5262135166641465 2.520399154270053 1.077663835737326 -0.01019008909431558 -0.0005401161620076566 0.001701282583788907
0.08900234048520585 -1.926746053747258 -0.6459919909935838 0.01253919856498947 0.001161448345328843 0.000981900806216695
2.053105585995843 1.168550554550644 0.2650134475445317 -0.006291241820303233 0.01004131768347844 0.001768760260063613
2.852555123703358 0.4917120738771197 0.07749350200245786 -0.001114070154641966 0.00830319761673032 0.004632158207120958
2.014623741920735 0.1912479310628858 -0.4782435922746763 -0.0022717859518132 0.01237060619135291 0.004257116459381469
0.2337581128441033 -3.033085830551687 -1.35736268886221 0.008644519719813996 0.002163204951314304 0.001484742904771619
-2.817157279008434 -0.2394472426621944 0.335257063539796 -0.0007217634327755336 -0.009339785326454993 -0.003681275905845046
2.637380398605956 -0.2804604954211922 -0.7017286751929545 0.004173639116354128 0.008094959297790295 0.004625012348457956
1.996435221083239 -0.3317413138826164 -0.01059766361138993 0.003751084785015813 0.01092940514455867 0.004915828406452235
2.550765317990586 -0.3815870516990276 -0.5014158808943227 0.002141048094874964 0.009466515967865833 0.003946305499992521
-2.505122363127495 1.369931501407631 -0.4027142964083532 -0.002742301282869502 -0.008533553045283134 -0.001378479198846837
-2.120840283058454 -0.9676464480594128 0.3985731873267505 0.003956484733724118 -0.01095350797279493 -0.002541821581212105
0.7306632113394925 -2.278119366108514 -1.1863074082776 0.009974748189774474 0.003660682640977627 0.0007358937803729447
2.973773477206893 -0.3091166688933981 0.2077128265243594 0.002711597134112088 0.007154394577485889 0.005318638163220559
1.065715441574747 -1.269854199723654 -1.175216158936804 0.01019025878096257 0.008291944645080346 0.003329553702760471
1.901316624985035 0.4327922387928999 -0.1209898352132993 -0.00118384533668775 0.01318432020514663 0.00210618399934894
-1.734877598210528 -1.81860425470421 -0.8458075482241101 0.006383910653574932 -0.007718552849004318 -0.003915374371630248
1.626715601257071 2.932889759413425 1.545465410763246 -0.007468569576044039 0.002877432254326144 0.0008122740801847646
-2.78715776159474 2.360787381017199 -0.7021533628356476 -0.005930635810575592 -0.003217188793428313 -0.001673370281639825
-1.956901094489255 -2.828771386615724 -1.453422735233644 0.007102904761958412 -0.003212017952980071 -0.001822223762560015
0.7602907906952403 2.871879154172876 1.172162099576735 -0.008746566682157814 0.003450055993584686 0.001704716943283352
2.451060316739317 -1.587515143572662 -0.7547589650041496 0.004270524845756577 0.008607677646628991 0.003233183474061618
2.319748943056195 -1.637320334896687 -0.7039740915258378 0.004390021996032893 0.007953645221167554 0.002532286471766564
-1.55968204331408 -1.639400283008235 -1.012515899023671 0.0082477625852444 -0.007235872998681267 -0.002135345710722656
-0.2415770479033956 -2.704850694631026 -1.092870050785935 0.009385197266262668 0.002220784559677313 -0.00126750406840911
0.4641017092498081 -2.814340715092108 -1.250703869646487 0.008665126589766387 0.001576339665451493 0.0008885389577854185
3.245272747770153 -1.76184248564596 -0.8049485481900944 0.004723514192557988 0.00493520239156359 0.003986760960064226
-1.851826420385928 1.801331423351665 0.8051363815711623 -0.007629673984294301 -0.005572947021020948 -0.002890368769993492
-2.837221917909075 -0.3399236483686134 0.549368813808886 0.0003124924119580806 -0.008822213300029025 -0.003723204670187808
-0.812804435159778 2.19047545386417 0.7364958212788575 -0.009743079821133066 -0.00339497711431553 -0.002090489403818658
-0.5986142759846774 2.315810108412414 1.246828667970674 -0.009516639376131633 -0.001924585947409678 -0.001469746476738576
2.359324585278606 -0.4836756343319595 -0.3547516870383893 0.003176802744482204 0.009823786481258045 0.003157381152506129
-1.289121306234221 1.647445311897776 0.7439380968424412 -0.01064112008305668 -0.003592010870847114 -0.004100585310040827
-3.009715902902113 -1.227124303004288 -0.04772510110428873 0.000978634652077788 -0.00818090960827883 -0.00285512253912472
-2.02889756071461 1.964922657058779 0.7015885173145163 -0.007315812238710003 -0.00595994249861796 -0.003628215893191489
-2.127596926533986 1.243891866009433 0.1814554214801953 -0.00535325239026077 -0.009503966186709 -0.001224096581289288
2.426609160111345 -0.7365213506215754 -0.2337759888317468 0.001421416027031949 0.009691621158801893 0.003529933463165734
-2.060110308095184 -1.896010219028625 -0.3079929559446467 0.004520459636559164 -0.007211757263609279 -0.005270021264023044
-0.09599113526053721 2.087165553597958 0.9371667985393107 -0.01170285892342004 -0.001163332859549918 0.0008144182629394522
-2.688386666633541 -1.024537548540348 -0.4942120354927039 0.002899332624125082 -0.008214621625585011 -0.00398671015733757
1.990010669890716 -1.086613814655616 -0.520395096145659 0.005960957013793667 0.009423749811401677 0.001945232962251849
2.813028886534375 -2.088990200644302 -0.9202351978406011 0.003662713480902706 0.005916216598668042 0.004687661104212222
0.1972516675757499 -2.556913693776293 -0.9905691564118685 0.009618174805903587 0.0002836118558992544 -0.0003898039567813587
-3.346284017115753 -0.288765081825044 -0.1527736209379385 -7.219553243414722e-5 -0.007551817360872287 -0.00348944918306814
-3.099718930598387 1.400322695827691 0.7550562759495962 -0.003835748671033037 -0.005878159809046372 -0.003187170871341097
-0.7498368977522626 2.101773452901122 1.256388263804502 -0.01009805204539537 -0.001390428551892336 -0.001857382744542171
1.876036184339395 0.6894137822031996 1.100222874692974 -0.002548825656887156 0.01129830066411427 0.002223103817311499
2.531795790987988 -0.5261234815180041 -0.258637453536977 0.002879170287615104 0.009018958304404025 0.005089314149919598
2.146173637482743 -2.342298081086003 -0.288117535459953 0.005853526741197085 0.00642253448929375 0.001462133254525755
-1.72502268515919 -1.635404689966734 -1.015197046349143 0.006831913746013773 -0.006536917017943535 -0.003884113764641366
2.55251062201956 -1.016252214558416 -0.3040294715324071 0.003052706042195531 0.00842357674684475 0.004407156801378511
-2.932053554579594 -1.726583915804358 -0.4067661583136005 0.004276783461084998 -0.0068722666660786 -0.0005514417330306523
-1.050985627827033 1.551296421730959 0.9673320818760438 -0.01142179740611803 -0.005214966915202353 -0.001546824886117126
2.443211965850386 0.8336740151586062 0.1226313616596747 -0.003171647413972887 0.009005150109744852 0.00364162537210073
-0.885491946803633 -2.153489288467724 -0.7722016808429913 0.009541377302264032 -0.004392762451098237 -0.004145493369080462
-2.101530912645593 1.64603892482609 0.3624679030541312 -0.007207897894388252 -0.005242354833100376 -0.004007215857423268
-1.959584795106489 1.954116622702286 0.4883248390033127 -0.007740981689577021 -0.004467061528584181 -0.003293289654713488
2.58181992193506 -1.402228942317296 -0.677050308521359 0.005940595490957029 0.005490401504789386 0.004486801422960159
-2.039661142026327 -0.7741231825921799 0.138712869473657 0.004924123878248212 -0.009623592501543715 -0.005377868635720015
-0.9553621047991424 -2.060875842856789 -1.525467029067586 0.00894215779226101 -0.003937027371014031 -0.0004261406859289796
0.5421330674703545 -2.810026401618368 -0.6676820153953326 0.008385002501059355 -0.002745720150644754 0.003127212231632073
-2.125677204299398 -0.5208278010987197 -0.1494309736011895 0.002009725947362996 -0.01154452201476915 -0.00328311557740512
-1.23720102534579 -0.03386447148442651 -0.2429913121913637 -0.0009223615843751577 -0.0141058064109298 -0.008179786529688907
