-0.007136455199990743 -0.002647023328220503 -0.0009229484709586156 5.378459295718573e-6 -6.758185999649092e-6 -3.0328494876565658e-6
-0.13723006082208306 -0.4032407445513369 -0.20141225082211953 0.02137177414060989 -0.004933057927284717 -0.00485046586102248
-0.7254387515234633 -0.04892127039980406 0.02371768992834323 0.0008034959858448681 -0.018498595670840823 -0.008372768178235384
-0.1842952399143934 0.8847598359288352 0.38381376897164315 -0.01719773059412163 -0.002909600217027933 -0.0012615424701247987
-0.001949281653684987 -0.0017828919101780156 -0.0005087136980185526 0.0003716704761321415 -0.00038469782827738763 -0.00017403015673086582
1.3835794665468741 -0.0012458049136983484 -0.037883115552126145 0.0006768779719054089 0.013807279333238333 0.00631486757699146
3.994040672188473 2.7339318349730535 1.0745891316880551 -0.004562935124946385 0.005874703971159591 0.002629269985446871
6.39927240197796 6.172010773468108 2.27384783330216 -0.004286973417088009 0.0035215863786401598 0.0016388986695893713
14.424720184230882 -12.508914106474071 -5.682612458300593 0.0026834839791881546 0.002455245931867192 0.0010373766885329906
16.80490957344363 -22.98274769388807 -9.82535018774472 0.0025846524662338365 0.0016616670785582742 0.000615782471143252
-9.882490165921983 -27.981516546831006 -5.754613490421448 0.0030341292593250645 -0.0011343520284510438 -0.001268162683598788
